100
6
1 4 4 1 1 4
9
2 4 4 1 2 1 4 1 3
4
2 2 2 1
4
1 3 1 1
2
1 1
65
2 1 2 2 1 2 1 1 1 2 2 1 2 1 2 1 2 1 1 1 1 1 1 2 2 1 2 2 2 1 1 2 1 1 2 1 2 1 1 1 2 1 2 2 1 1 1 1 2 2 1 1 1 1 2 1 1 1 2 1 2 1 2 2 2
17
2 2 1 2 2 1 1 1 1 2 2 2 2 1 2 2 2
95
5 5 2 3 6 2 5 2 6 6 2 3 5 4 1 2 5 1 2 6 2 1 6 3 4 6 6 6 6 3 4 1 5 6 6 1 1 4 5 6 6 4 3 2 2 2 2 3 1 3 6 6 5 3 5 2 1 6 6 6 4 4 6 6 6 1 4 2 2 2 2 4 5 6 5 2 3 4 6 2 6 2 2 6 5 1 2 5 2 1 4 4 2 6 6
59
1 2 2 1 2 1 2 1 2 1 1 2 1 2 2 2 1 1 1 2 1 2 2 1 1 2 1 1 1 1 1 2 2 1 2 2 1 2 2 1 2 2 1 1 2 1 2 2 1 2 1 2 2 2 1 2 2 1 1
74
4 1 3 1 2 2 3 2 2 3 3 3 2 1 2 3 3 1 3 4 1 4 4 1 1 1 3 3 3 2 1 4 4 3 3 1 4 4 2 1 4 4 1 4 3 2 4 1 1 3 3 3 1 4 4 3 3 3 4 1 2 4 3 1 2 3 3 2 4 3 2 3 2 3
27
2 2 2 1 2 4 3 3 1 4 3 3 3 3 3 3 1 4 4 2 1 3 3 2 2 3 3
77
8 5 7 7 7 6 5 7 6 7 8 2 8 1 7 3 3 8 2 5 4 3 3 2 5 3 8 8 4 8 7 2 3 7 1 7 3 3 6 5 8 7 8 3 2 3 3 8 3 7 4 4 2 2 5 8 2 5 7 7 1 5 4 6 4 6 5 8 7 5 4 5 7 5 4 5 3
31
4 2 4 1 8 8 5 3 3 1 3 8 5 1 3 6 7 4 8 2 8 4 8 8 4 4 3 3 5 4 1
75
6 8 10 6 10 10 5 8 2 1 8 9 1 2 2 3 6 6 4 4 3 8 1 7 3 3 2 4 3 7 8 5 5 1 2 4 9 1 8 8 7 5 3 6 7 1 3 1 6 1 6 1 3 3 3 7 3 7 6 5 10 1 8 10 8 7 5 7 6 4 5 8 1 5 7
59
1 1 3 3 5 3 5 3 1 5 1 1 2 4 4 2 4 4 5 3 1 2 4 2 2 3 5 3 1 2 1 5 3 2 3 2 1 5 2 1 5 1 5 3 5 4 4 1 5 5 3 1 3 4 2 2 5 3 1
82
2 1 1 1 1 2 1 1 1 1 1 1 2 1 2 2 1 2 1 2 2 2 1 1 1 2 1 2 2 2 2 2 1 1 2 2 2 1 2 1 2 2 1 2 1 1 2 1 2 1 2 2 1 2 1 1 2 1 1 2 2 1 2 1 2 2 2 1 1 2 1 2 2 2 2 1 1 2 2 1 2 2
91
3 4 2 3 5 5 2 4 3 2 1 1 4 3 5 1 4 3 3 1 5 2 2 1 5 5 2 4 3 2 5 2 1 2 4 1 1 5 2 2 2 2 4 3 4 4 1 5 5 3 4 3 1 5 3 2 3 1 2 2 5 5 1 2 2 2 5 5 4 3 2 3 3 2 2 1 2 5 1 1 2 3 1 4 4 3 5 5 3 3 1
47
9 7 1 9 1 8 5 3 2 3 8 3 8 7 5 6 9 8 7 3 4 6 8 4 7 9 3 2 5 7 1 4 1 9 7 7 4 2 1 4 7 1 4 1 2 2 7
94
9 10 3 7 2 3 5 4 5 7 10 10 2 1 6 3 6 8 7 3 2 7 5 8 2 6 6 4 9 7 2 5 2 8 2 1 2 6 6 6 9 2 5 10 1 6 4 9 1 9 10 3 1 9 9 7 8 7 8 10 2 6 3 5 5 1 1 10 9 9 1 5 6 8 7 5 5 3 3 1 8 8 2 9 2 3 4 2 7 5 5 9 10 3
23
6 1 1 3 5 4 6 4 1 5 5 6 3 6 6 3 6 5 3 6 6 3 5
48
4 5 1 5 4 5 2 6 5 7 7 6 4 2 6 7 6 6 2 5 1 1 7 2 1 6 2 1 6 4 6 3 4 6 6 4 2 7 1 4 2 3 3 4 6 1 7 1
40
5 1 2 6 2 6 5 4 3 4 4 5 6 3 5 1 4 4 2 3 2 6 1 3 3 6 4 2 3 6 4 2 4 5 5 5 4 4 4 6
85
1 4 2 3 2 1 3 3 3 3 2 4 1 2 1 1 4 4 2 1 1 2 3 2 4 3 1 2 2 1 2 4 1 1 3 4 1 3 3 3 3 2 3 4 2 1 3 2 1 1 1 3 3 3 1 2 4 2 1 2 4 3 4 2 2 4 1 4 4 2 3 2 2 2 2 4 3 3 2 2 3 2 3 3 1
95
3 3 3 3 6 2 2 2 3 2 1 5 1 6 1 4 3 2 3 3 4 6 2 3 4 1 6 6 2 5 3 5 4 5 1 6 2 1 4 4 2 5 4 2 5 1 2 4 2 1 6 5 1 3 6 5 2 1 1 5 2 3 5 1 5 4 6 1 6 3 4 6 1 6 5 6 3 3 5 2 1 5 4 6 3 2 1 5 6 6 2 4 3 5 2
81
9 5 7 1 5 4 7 6 6 2 5 6 4 2 3 2 6 3 5 1 7 5 8 1 1 6 8 1 5 3 4 2 4 9 4 3 3 8 1 4 5 6 4 3 5 7 8 9 8 8 5 9 8 8 4 1 2 8 6 4 3 8 9 7 2 5 6 2 2 1 1 3 6 7 9 8 9 2 7 9 4
84
8 3 8 4 9 5 6 4 1 4 1 8 6 5 5 8 1 8 6 6 6 5 7 3 7 6 3 6 2 9 4 4 2 1 3 7 6 6 5 5 2 2 7 3 9 5 6 3 4 4 1 4 2 3 3 2 5 7 7 9 3 4 6 4 7 4 2 7 6 4 5 1 1 5 7 1 6 4 7 8 3 6 9 8
1
2
26
7 1 2 9 7 5 1 3 7 1 10 6 1 1 5 6 6 6 10 9 4 5 4 4 5 4
50
7 4 3 2 4 1 4 2 5 5 1 6 8 2 3 4 7 3 3 5 2 5 8 2 4 6 6 1 3 5 6 6 2 4 4 7 7 5 3 5 3 5 3 7 4 3 8 6 7 8
22
3 1 1 1 1 2 2 1 1 4 4 1 2 1 4 1 1 1 4 2 3 1
31
15 4 5 11 8 12 5 16 9 8 16 20 3 10 8 13 13 13 1 6 19 15 13 13 9 18 12 9 14 18 12
46
1 4 2 3 3 1 1 2 3 2 1 5 4 3 1 4 4 3 5 4 2 3 1 3 3 1 2 5 2 3 5 5 3 5 2 5 5 5 5 3 4 1 1 1 1 2
27
7 12 10 12 5 9 11 4 4 5 4 14 6 7 4 7 3 13 8 11 7 7 1 8 12 6 1
12
5 4 1 4 4 2 1 4 5 1 4 3
94
8 11 13 4 8 4 9 7 2 3 4 13 10 11 12 7 4 13 1 3 12 2 8 1 10 6 5 7 14 4 14 6 1 4 13 14 5 8 13 3 12 4 13 13 4 10 12 7 12 14 8 10 14 3 1 9 11 3 5 12 4 4 1 10 7 3 4 2 6 13 12 2 3 14 11 10 10 8 1 9 5 14 13 3 3 6 9 1 7 7 14 5 3 10
76
2 2 2 2 2 1 2 1 2 2 1 2 2 1 2 1 1 2 1 2 1 1 2 2 1 2 2 2 1 1 2 1 1 1 1 2 2 1 2 1 1 2 2 2 2 1 2 2 2 1 1 1 2 1 2 2 1 2 2 1 2 2 2 2 1 2 2 1 1 2 2 2 2 1 1 2
50
4 11 9 1 11 3 14 17 15 17 7 4 16 6 18 18 7 1 12 7 4 2 4 3 12 16 13 10 7 6 9 8 10 6 4 9 14 15 8 2 2 17 17 9 15 11 4 4 18 6
43
2 5 10 8 7 12 4 3 6 14 13 6 15 13 5 8 7 14 8 12 8 7 1 9 5 8 8 15 1 11 1 6 3 2 8 11 10 2 15 10 11 1 14
34
6 2 7 1 3 8 5 7 6 8 4 9 7 1 7 1 7 6 2 3 6 8 1 5 4 7 9 6 2 2 2 9 8 2
48
9 4 4 3 3 11 7 7 4 1 4 6 8 2 7 10 3 9 8 10 3 10 4 4 11 11 11 7 7 9 10 6 11 2 10 1 10 9 4 7 11 11 4 7 6 10 10 4
34
2 3 3 3 2 6 3 5 3 3 2 3 2 2 3 5 3 5 5 5 2 7 4 7 1 7 1 1 4 6 6 2 6 1
20
1 3 6 5 2 10 4 6 4 1 4 1 3 4 8 2 8 1 4 9
99
4 17 11 12 3 12 4 2 15 4 10 4 8 5 3 3 10 3 3 3 15 18 16 19 14 13 10 15 4 8 13 1 7 12 6 12 17 10 2 15 12 9 6 3 19 18 20 10 11 2 15 17 4 14 3 6 7 17 2 3 3 8 15 17 19 3 15 2 12 3 15 17 14 19 11 7 10 15 12 16 11 17 2 2 8 16 8 15 9 12 11 12 15 1 20 15 2 17 13
79
8 16 9 8 8 12 13 16 12 18 19 4 2 2 13 13 10 17 19 8 16 10 14 7 3 5 6 7 14 16 4 16 4 16 10 10 7 4 18 8 17 4 8 19 13 4 13 2 12 10 14 6 16 18 14 2 16 11 14 9 2 16 7 14 18 9 18 18 12 8 3 18 7 19 15 10 18 4 4
11
3 2 3 3 1 3 3 3 3 2 1
75
1 3 2 3 3 3 2 2 2 2 3 3 3 1 1 1 3 1 1 3 3 2 1 3 3 2 3 2 3 1 1 1 3 3 1 2 1 1 1 1 1 2 2 3 2 1 1 2 3 2 1 3 1 2 2 2 3 2 2 1 1 2 2 3 1 3 2 2 3 2 2 2 1 2 2
93
1 1 1 1 1 1 1 1 1 1 1 1 1 1 1 1 1 1 1 1 1 1 1 1 1 1 1 1 1 1 1 1 1 1 1 1 1 1 1 1 1 1 1 1 1 1 1 1 1 1 1 1 1 1 1 1 1 1 1 1 1 1 1 1 1 1 1 1 1 1 1 1 1 1 1 1 1 1 1 1 1 1 1 1 1 1 1 1 1 1 1 1 1
95
1 1 1 3 2 1 1 1 2 2 3 1 2 2 3 1 3 2 2 3 2 1 3 1 1 2 1 1 2 3 1 2 3 1 3 3 3 3 1 2 3 1 1 2 2 3 2 3 3 2 3 1 1 2 2 3 1 2 3 2 1 3 3 3 1 2 3 2 2 2 1 3 1 1 1 2 3 2 1 2 2 2 3 2 2 3 1 3 2 1 3 2 2 2 1
61
8 4 2 5 5 9 3 11 7 8 9 4 8 3 9 10 8 8 12 3 3 2 2 6 3 1 12 4 6 5 3 9 5 10 6 7 5 5 5 10 4 7 3 1 12 10 10 8 1 2 3 1 3 4 8 12 3 5 7 6 3
18
3 15 6 6 4 1 15 14 9 14 12 19 16 9 15 3 14 2
78
7 2 8 12 8 3 10 4 4 11 4 5 8 6 9 9 4 1 10 6 4 9 4 1 1 6 2 10 5 6 7 7 10 3 10 2 4 3 2 1 6 7 9 9 11 10 9 11 1 12 5 7 10 4 12 9 5 12 6 4 10 8 3 6 2 8 9 2 8 4 5 4 3 2 12 6 1 4
76
2 1 6 1 7 6 1 3 3 2 3 1 2 3 7 4 7 6 5 3 1 1 5 3 1 3 3 6 5 2 6 2 4 4 1 5 1 5 7 1 5 5 6 7 3 2 3 6 5 7 6 3 2 3 3 2 3 3 4 3 3 6 6 6 3 5 2 1 1 4 6 3 4 2 5 1
60
9 9 13 4 9 7 4 15 9 5 11 13 9 8 1 4 13 14 3 6 17 5 18 8 11 2 4 16 12 1 8 9 9 6 11 1 3 9 12 18 4 8 11 8 14 12 1 9 2 3 9 11 10 15 15 6 9 7 12 5
51
4 4 4 1 1 2 2 1 1 4 3 2 2 3 1 2 4 4 3 1 4 3 2 1 3 3 1 1 2 1 1 2 1 3 1 4 2 1 1 1 2 1 4 4 2 2 4 3 3 1 3
9
3 5 3 4 4 6 7 3 4
62
1 1 1 1 1 1 1 1 1 1 1 1 1 1 1 1 1 1 1 1 1 1 1 1 1 1 1 1 1 1 1 1 1 1 1 1 1 1 1 1 1 1 1 1 1 1 1 1 1 1 1 1 1 1 1 1 1 1 1 1 1 1
18
16 4 11 11 3 10 9 6 1 16 13 10 7 13 9 7 13 3
72
2 6 20 8 4 5 5 3 20 6 6 7 1 6 20 1 19 6 17 3 16 10 11 5 13 15 15 15 8 13 13 13 3 18 13 16 19 9 20 4 10 14 4 4 1 8 19 19 2 14 18 11 16 7 20 15 20 1 14 5 8 19 18 7 6 15 6 16 6 3 16 12
67
7 11 6 3 15 13 9 6 5 15 5 2 13 4 14 15 10 10 2 15 10 8 7 12 15 13 2 5 4 2 7 12 11 8 11 7 2 13 14 8 7 1 12 2 5 3 13 9 14 12 6 7 4 14 2 7 15 5 4 14 8 10 9 9 14 6 4
87
7 6 6 3 3 5 5 1 3 3 6 6 3 1 1 3 1 2 2 2 7 6 5 6 2 4 1 2 1 3 3 6 3 4 1 7 3 7 1 5 1 1 4 5 7 6 4 1 5 4 7 6 1 1 3 2 4 4 2 6 3 5 1 4 7 6 6 1 1 7 6 2 3 5 3 3 7 4 7 2 6 1 4 2 2 3 1
5
15 13 7 2 16
91
5 2 10 2 2 11 2 8 11 7 9 3 11 6 10 13 3 6 13 3 10 11 4 2 6 11 1 1 8 7 7 3 10 5 3 1 10 5 3 6 7 11 6 1 2 4 4 9 4 11 9 12 7 1 9 11 6 11 1 9 4 13 4 9 10 4 9 6 3 4 7 6 9 1 10 1 1 4 5 12 8 5 5 9 4 9 1 10 3 3 5
59
10 5 18 17 6 13 9 6 3 17 12 5 11 11 5 9 9 17 4 9 17 18 8 5 16 2 12 10 9 9 10 14 17 16 2 1 6 6 1 18 13 7 9 13 4 5 19 5 13 3 5 19 17 12 12 5 8 7 11
91
3 3 1 1 2 3 2 1 1 1 2 3 1 2 1 1 3 2 3 3 2 3 1 1 2 1 2 1 3 3 2 2 1 2 3 3 3 3 3 1 2 2 3 1 3 1 3 2 3 2 2 2 1 1 3 1 3 2 2 3 2 1 2 2 1 2 3 3 3 2 2 3 2 2 3 2 1 2 3 1 3 2 3 2 2 3 2 2 1 1 2
80
10 6 2 14 16 7 8 1 19 4 13 13 11 10 11 5 7 12 3 2 9 10 14 10 10 17 14 14 1 11 3 5 10 18 1 10 15 15 3 2 1 19 6 7 6 9 20 9 13 4 13 14 9 7 8 10 16 5 5 11 1 14 7 19 3 15 3 19 12 13 5 13 11 15 12 11 16 3 9 3
74
1 1 1 1 1 1 1 1 1 1 1 1 1 1 1 1 1 1 1 1 1 1 1 1 1 1 1 1 1 1 1 1 1 1 1 1 1 1 1 1 1 1 1 1 1 1 1 1 1 1 1 1 1 1 1 1 1 1 1 1 1 1 1 1 1 1 1 1 1 1 1 1 1 1
15
13 2 3 15 12 16 2 15 16 15 1 9 8 13 6
58
15 12 6 8 15 3 12 5 1 16 11 16 16 6 6 14 2 11 8 17 9 8 5 12 16 19 15 2 4 4 14 3 13 1 19 11 5 3 14 14 19 16 11 14 3 16 13 10 17 10 4 1 17 2 16 11 8 1
1
3
80
12 4 2 2 10 4 11 3 8 1 1 3 12 10 4 11 1 10 4 1 3 3 1 11 8 6 6 8 9 12 8 3 2 4 7 9 2 10 5 4 4 1 6 8 7 5 4 5 4 4 2 4 6 7 5 2 3 6 1 12 10 4 6 4 1 11 11 7 4 7 5 7 11 5 2 1 2 12 5 5
97
13 4 13 11 2 4 10 4 11 13 5 5 12 6 3 4 14 5 2 5 11 13 4 13 1 8 2 6 1 10 11 11 1 11 6 11 14 3 8 1 8 7 11 5 6 13 13 10 13 14 7 8 5 11 6 4 3 1 4 3 10 14 7 11 11 6 8 10 3 14 8 10 7 8 1 7 11 9 12 5 2 10 4 9 7 1 13 13 10 4 9 5 8 2 11 6 7
89
4 3 4 5 1 1 5 6 6 4 4 3 1 5 3 5 1 5 4 2 4 5 1 5 6 3 3 1 2 5 1 5 4 4 1 4 6 4 6 1 4 1 6 4 3 6 6 1 6 5 1 5 5 2 6 1 1 6 5 6 3 3 5 6 4 1 3 6 3 1 5 4 1 1 3 3 5 3 6 6 6 6 2 3 4 5 6 3 5
57
12 9 3 7 6 16 8 14 4 4 4 10 6 7 16 4 14 5 13 2 1 7 14 14 12 6 6 16 1 1 15 16 2 6 16 12 6 9 11 3 12 2 3 8 11 15 16 14 15 12 2 11 6 14 7 13 6
60
1 1 1 1 1 1 1 1 1 1 1 1 1 1 1 1 1 1 1 1 1 1 1 1 1 1 1 1 1 1 1 1 1 1 1 1 1 1 1 1 1 1 1 1 1 1 1 1 1 1 1 1 1 1 1 1 1 1 1 1
36
4 3 6 6 1 3 6 2 3 3 5 3 5 6 3 4 4 2 3 5 2 6 6 1 6 4 1 6 2 4 3 1 2 6 1 4
33
6 6 3 3 10 11 2 5 10 17 15 1 14 7 18 18 7 6 1 15 13 16 4 15 18 14 13 15 13 1 4 3 9
23
18 17 13 5 13 17 7 7 5 1 6 4 13 6 9 3 3 2 3 4 14 18 1
63
1 1 4 1 1 5 4 4 2 2 2 5 4 3 1 5 4 3 2 2 5 2 1 2 2 4 5 1 2 2 2 5 1 4 2 3 4 5 1 4 4 2 4 5 1 2 2 2 1 1 4 5 4 5 5 2 3 4 4 4 2 4 2
70
1 2 10 7 3 4 5 2 9 3 1 2 10 8 10 3 6 11 11 8 11 13 13 12 9 11 5 5 9 3 6 3 4 5 10 4 11 11 3 6 4 4 3 8 1 9 12 8 9 9 12 1 1 13 11 9 9 3 3 1 5 10 9 1 3 4 3 3 4 10
95
7 10 6 4 12 11 11 5 5 14 14 16 1 7 7 15 9 17 11 8 2 3 12 1 1 10 13 4 4 3 6 13 1 15 9 15 3 7 12 8 7 6 14 9 4 10 9 1 4 16 2 10 7 3 8 10 6 3 11 6 17 12 17 11 10 13 2 12 8 3 17 11 1 16 6 10 1 11 17 12 12 16 17 7 10 4 11 15 12 17 1 3 4 7 3
68
9 2 9 7 16 8 17 18 16 10 19 2 18 15 18 19 13 17 16 6 6 16 10 3 10 17 2 2 19 15 11 15 1 15 11 14 19 2 13 11 8 15 19 17 13 4 8 3 12 6 4 15 5 17 15 6 9 5 6 3 14 19 13 19 16 16 19 18
69
8 5 13 11 1 11 8 8 4 3 16 11 19 10 12 10 10 9 17 6 18 16 18 12 11 1 15 16 13 16 14 13 6 17 6 7 8 5 8 19 7 6 3 5 12 7 2 5 3 4 16 16 18 16 10 14 8 5 6 16 15 12 15 16 19 16 11 19 16
93
7 12 7 9 10 11 8 4 12 12 10 9 4 10 12 6 2 2 3 7 10 3 2 8 3 2 4 6 8 9 7 6 3 7 6 3 8 9 9 1 6 12 3 10 3 1 5 1 6 1 7 8 6 7 6 5 2 9 7 7 2 12 9 10 12 7 4 10 7 10 7 5 4 6 6 9 11 3 5 7 3 8 12 3 6 4 8 3 10 6 6 10 9
16
2 10 10 10 8 7 5 4 10 6 9 5 5 7 9 7
68
7 7 3 2 2 11 9 11 4 13 3 9 9 9 13 5 1 6 8 11 13 8 2 6 9 9 13 9 4 8 7 2 9 7 12 13 12 6 4 7 5 5 9 6 9 6 8 8 1 6 6 7 4 1 7 2 12 1 1 5 2 1 13 1 3 4 12 5
65
6 3 2 2 1 1 3 6 7 1 6 1 3 2 4 3 7 3 3 5 2 1 4 6 1 4 2 4 5 3 5 7 3 2 4 3 2 6 3 2 1 3 1 6 5 1 1 2 6 1 3 4 1 2 2 2 6 6 5 5 6 5 3 1 2
88
1 2 1 2 1 2 1 2 1 1 2 2 1 2 2 2 1 2 1 1 1 1 1 2 2 2 2 1 2 1 1 2 2 2 1 2 1 1 2 1 2 1 1 2 1 1 1 1 1 1 2 1 2 2 1 2 2 1 2 2 2 2 1 2 1 2 1 2 2 1 1 1 1 1 2 2 2 2 2 2 1 1 2 1 2 2 1 2
19
7 1 4 9 7 10 7 10 4 9 3 4 3 4 10 8 11 11 2
57
4 5 5 7 2 4 2 5 6 4 1 7 3 2 4 3 5 1 1 1 5 6 3 2 3 5 3 1 1 4 6 3 7 4 4 4 4 5 6 1 7 3 6 1 3 2 2 3 2 4 4 2 5 2 3 4 2
25
3 1 2 5 2 6 3 4 3 6 3 3 6 6 6 1 5 2 1 6 3 1 4 2 5
97
1 4 3 2 1 1 2 1 3 3 2 2 3 3 3 1 4 4 3 2 4 1 2 4 2 4 3 1 3 2 4 2 3 1 2 3 4 2 4 3 1 4 3 4 3 1 3 4 4 2 3 1 4 4 1 1 4 3 1 2 4 3 4 4 2 2 4 1 2 2 1 4 3 1 1 1 1 1 1 3 2 2 3 2 4 3 1 3 4 2 4 3 2 2 2 4 1
8
5 13 13 5 7 7 1 16
45
3 6 5 3 2 5 3 7 7 2 1 6 2 6 2 3 4 5 6 5 5 3 5 4 6 3 1 4 6 4 5 3 3 7 7 3 3 3 5 6 2 5 4 1 1
41
16 6 7 5 6 16 7 1 7 10 9 11 8 5 3 3 16 2 16 16 13 3 10 17 3 8 12 12 5 9 8 12 4 6 1 9 12 4 12 2 14
97
6 10 8 7 8 8 2 8 12 5 2 3 4 9 10 1 2 12 9 10 5 1 10 8 2 10 8 6 2 10 4 4 8 5 10 1 6 1 6 10 2 9 11 1 1 6 2 12 3 3 2 6 8 11 8 8 3 12 7 2 5 11 1 6 7 8 11 1 11 11 3 1 9 6 4 9 9 6 11 11 2 2 12 8 2 8 12 2 11 2 3 6 5 1 12 11 7
46
4 1 3 6 2 9 5 8 6 7 7 8 3 4 7 5 2 4 1 7 6 9 1 2 6 5 3 7 4 8 8 3 7 9 3 1 1 8 6 5 8 5 9 1 3 6
17
9 2 10 13 11 10 12 7 12 9 10 10 11 2 13 4 7
59
3 2 2 2 2 4 3 3 2 5 1 5 2 5 5 5 4 5 1 3 1 3 5 1 3 3 1 1 5 2 1 2 4 1 3 3 5 3 3 5 3 5 3 3 2 1 5 4 5 1 2 4 1 4 4 4 5 2 5
20
3 9 2 17 12 11 15 17 7 13 6 5 17 12 12 4 16 6 13 1
39
5 3 5 9 2 7 6 7 4 1 2 4 2 6 6 6 9 2 9 4 4 7 9 3 2 2 7 8 8 3 1 5 9 1 4 4 7 3 6
