11
3
9 5 3
6
6 5 4 3 2 1
1
1
12
19561 9102 32135 11663 3851 21390 21014 7545 9417 22302 6466 29080
18
1390 18130 8873 25487 18002 1433 18755 4405 31287 20377 25963 19582 7772 20847 17508 29807 319 7403
17
14608 6997 28414 6349 12402 24573 3289 14073 15599 6839 31827 18647 10420 11409 7051 28694 6781
4
23503 23007 18336 14396
30
10345 1869 7324 7336 6855 11028 2532 28478 26372 16551 1930 13159 31345 8418 26769 6000 5182 28680 23225 616 28232 29520 30195 13770 26674 24480 24599 12893 26807 1432
6
25689 26942 32466 16890 23243 24495
19
30651 3642 31366 14007 3479 31371 25382 20067 17201 4130 31343 3740 17804 16458 17298 10399 4218 10455 28964
10
1111 8970 18546 29477 1014 14772 20245 23957 11996 19102
