4 3 
0 0 3 3
1 1
1 2 
2 2 
2 1
0 1
0 2
0 3

4 3 
0 0 3 3
1 1
1 2 
2 2 
2 1
0 1
2 0
0 3

4 0
0 0 3 3
1 1
1 2 
2 2 
2 1

4 3
0 0 0 4
4 0 
6 0
6 4
4 4
7 0
7 1
7 2

8 1
0 0 0 6
2 2
8 2
8 6
6 6
6 4
4 4
4 6
2 6
5 6

8 6
0 0 0 6
2 2
8 2
8 6
6 6
6 4
4 4
4 6
2 6
5 6
5 5 
7 7
9 4
6 1
1 3

12 10
0 0 1 0
4 2 
6 2 
6 4
8 4
8 6
6 6
6 8
4 8
4 6
2 6
2 4
4 4
7 3
8 3
9 3
7 7
7 8
7 9
3 7
3 8 
3 9
0 1

28 1
0 0 0 1
2 2
28 2
28 28
4 28
4 6
24 4
24 24
8 24
8 10
20 10
20 20
12 20
12 14
16 14
16 16
14 16
14 18
18 18
18 12
10 12
10 22
22 22
22 8
6 8
6 26
26 26
26 4
2 4
17 17

28 10
0 0 0 1
2 2
28 2
28 28
4 28
4 6
24 4
24 24
8 24
8 10
20 10
20 20
12 20
12 14
16 14
16 16
14 16
14 18
18 18
18 12
10 12
10 22
22 22
22 8
6 8
6 26
26 26
26 4
2 4
17 17
17 13
25 5
25 25
21 21
15 17
16 17
2 10
2 12
2 16







