200 3000
1 2 32
2 3 49
3 4 37
4 5 43
5 6 41
6 7 49
7 8 34
8 9 50
9 10 46
10 11 35
11 12 38
12 13 44
13 14 48
14 15 33
15 16 41
16 17 49
17 18 38
18 19 48
19 20 48
20 21 44
21 22 37
22 23 44
23 24 49
24 25 32
25 26 49
26 27 34
27 28 42
28 29 30
29 30 32
30 31 42
31 32 33
32 33 44
33 34 49
34 35 41
35 36 46
36 37 41
37 38 32
38 39 32
39 40 46
40 41 38
41 42 32
42 43 33
43 44 50
44 45 45
45 46 44
46 47 35
47 48 34
48 49 50
49 50 47
50 51 37
51 52 42
52 53 50
53 54 41
54 55 39
55 56 43
56 57 35
57 58 46
58 59 47
59 60 34
60 61 30
61 62 39
62 63 38
63 64 42
64 65 48
65 66 43
66 67 30
67 68 36
68 69 39
69 70 45
70 71 50
71 72 50
72 73 46
73 74 34
74 75 40
75 76 43
76 77 38
77 78 31
78 79 40
79 80 50
80 81 50
81 82 33
82 83 48
83 84 39
84 85 38
85 86 33
86 87 44
87 88 36
88 89 39
89 90 41
90 91 38
91 92 32
92 93 36
93 94 32
94 95 33
95 96 33
96 97 31
97 98 46
98 99 48
99 100 38
100 101 34
101 102 50
102 103 48
103 104 30
104 105 45
105 106 34
106 107 43
107 108 38
108 109 48
109 110 39
110 111 43
111 112 46
112 113 43
113 114 42
114 115 48
115 116 34
116 117 45
117 118 48
118 119 48
119 120 45
120 121 43
121 122 45
122 123 44
123 124 32
124 125 41
125 126 31
126 127 38
127 128 47
128 129 44
129 130 37
130 131 41
131 132 32
132 133 47
133 134 39
134 135 40
135 136 34
136 137 39
137 138 49
138 139 48
139 140 48
140 141 41
141 142 36
142 143 47
143 144 42
144 145 32
145 146 46
146 147 44
147 148 37
148 149 30
149 150 33
150 151 46
151 152 46
152 153 35
153 154 33
154 155 35
155 156 43
156 157 43
157 158 31
158 159 46
159 160 46
160 161 44
161 162 43
162 163 33
163 164 36
164 165 33
165 166 41
166 167 43
167 168 33
168 169 43
169 170 38
170 171 32
171 172 39
172 173 44
173 174 48
174 175 37
175 176 42
176 177 34
177 178 47
178 179 36
179 180 49
180 181 31
181 182 37
182 183 39
183 184 43
184 185 36
185 186 34
186 187 41
187 188 48
188 189 37
189 190 50
190 191 36
191 192 32
192 193 41
193 194 39
194 195 44
195 196 38
196 197 33
197 198 43
198 199 43
199 200 39
125 128 33
82 99 33
21 25 42
135 154 47
53 63 36
105 118 42
114 121 35
78 85 50
165 173 48
197 200 48
23 42 40
40 55 50
63 77 42
141 145 31
142 157 46
154 160 34
107 113 33
159 163 31
121 137 31
24 31 45
19 30 39
61 71 36
109 121 48
177 179 45
78 81 36
62 81 50
176 192 48
2 5 46
191 200 38
180 195 49
110 129 38
94 103 47
58 64 37
49 51 41
64 82 39
123 140 39
182 199 32
39 44 41
72 86 44
159 167 43
181 198 43
136 138 50
108 120 44
144 158 44
128 140 45
77 84 48
93 96 32
70 84 45
163 170 48
157 172 45
135 152 37
133 147 45
144 155 42
50 59 47
10 23 43
34 39 42
147 166 35
34 42 37
154 157 45
94 107 35
185 200 50
158 173 44
192 200 34
129 147 41
196 200 37
106 112 41
40 52 38
67 80 33
10 21 46
126 142 34
18 33 39
197 199 49
106 124 46
77 94 32
74 83 30
155 164 32
177 186 30
25 28 35
151 161 42
46 54 43
103 117 49
98 115 32
130 137 46
63 75 40
167 181 47
177 192 39
97 99 35
101 114 41
153 162 44
189 196 36
100 109 45
74 86 45
113 127 50
128 133 47
20 25 30
110 121 37
30 41 47
85 90 41
16 19 31
51 69 42
62 72 42
127 134 41
167 172 41
91 98 42
66 80 45
104 108 30
33 46 39
90 97 34
31 46 36
177 193 33
123 131 50
83 86 39
85 88 45
159 177 48
50 61 30
29 31 46
21 31 38
93 103 43
37 53 45
74 92 43
57 74 37
149 164 48
146 164 45
45 61 41
8 12 34
6 23 39
53 70 39
7 12 49
180 191 43
180 188 42
121 131 36
188 197 37
161 169 31
80 94 46
15 24 35
154 156 39
48 53 50
85 102 47
125 139 39
98 105 45
69 76 49
96 105 39
19 24 35
65 74 33
189 200 49
122 129 36
137 139 41
31 37 40
10 25 50
54 61 31
68 77 32
75 94 32
171 184 41
174 186 37
56 67 48
119 121 33
171 180 48
152 166 46
34 36 41
51 59 38
156 159 34
3 18 37
57 71 39
25 42 41
127 140 46
156 165 36
166 169 50
20 31 50
119 129 40
161 163 31
138 148 46
67 70 43
148 167 43
68 80 46
116 127 38
120 126 49
111 126 37
182 200 40
193 198 37
65 80 39
128 144 42
35 42 31
91 96 38
192 196 38
159 175 50
99 104 33
99 102 36
51 63 31
138 152 36
41 57 47
84 98 43
169 173 32
136 153 37
162 166 41
64 81 36
20 33 35
24 35 43
116 133 32
36 43 36
88 91 49
68 87 48
182 197 33
27 30 42
104 109 36
194 196 38
171 187 33
63 68 49
26 28 45
78 90 46
143 157 47
179 186 43
38 53 33
137 142 47
126 138 49
82 91 39
152 169 50
148 162 37
87 96 44
11 19 33
116 135 50
194 198 48
158 168 48
23 36 38
123 127 48
171 182 47
67 71 42
191 196 42
81 90 40
150 152 46
25 44 37
174 187 32
185 192 47
158 163 50
159 166 48
176 191 45
140 146 30
81 100 49
89 100 48
6 11 30
68 71 35
45 52 46
97 104 47
150 163 35
190 199 46
45 51 31
5 9 45
29 45 48
54 72 46
13 32 48
187 190 35
111 124 45
181 199 38
102 120 38
41 47 33
140 144 37
178 196 42
21 39 40
22 29 48
49 53 37
36 44 41
29 46 46
78 94 45
94 99 39
83 100 33
85 96 50
53 72 43
175 187 48
1 15 41
55 62 46
198 200 36
64 68 34
56 58 45
106 118 31
126 141 42
12 18 33
184 199 43
76 80 33
131 141 40
117 127 31
174 192 34
9 22 45
184 200 46
178 186 37
65 83 32
50 54 37
126 128 41
70 73 34
79 92 41
111 115 47
139 152 43
111 129 41
67 82 34
105 107 40
130 138 46
37 42 36
148 154 49
140 147 47
194 197 32
87 94 50
25 38 44
136 155 30
17 27 40
139 157 44
10 24 33
53 68 35
180 199 42
190 194 30
40 42 36
183 193 48
188 200 34
168 172 38
66 73 41
41 43 34
39 46 47
174 193 36
132 135 49
129 136 33
80 99 45
111 125 46
103 119 49
58 77 38
8 21 40
138 153 38
76 81 44
145 160 34
84 95 47
190 197 45
113 121 43
25 27 43
137 153 37
117 133 47
108 110 41
95 100 36
21 23 41
80 84 41
37 43 38
195 198 50
9 26 50
149 166 34
113 119 50
57 70 41
16 22 34
63 76 33
110 114 34
105 124 38
166 181 34
114 130 41
48 64 37
113 122 39
148 161 32
92 109 48
104 115 45
132 150 40
137 146 40
102 106 36
98 108 46
71 87 47
133 135 43
5 21 47
141 153 39
39 48 37
122 134 37
40 47 33
120 135 39
61 67 48
29 47 45
152 170 47
15 23 30
59 70 49
34 48 42
78 84 44
127 138 42
8 15 35
113 131 33
184 188 48
168 171 47
92 106 47
77 96 43
100 119 41
95 106 31
132 136 31
26 37 39
87 102 32
72 80 50
4 15 35
50 57 50
123 139 31
191 195 47
132 139 45
26 34 49
24 43 37
179 198 37
22 40 41
11 21 50
145 162 39
13 21 49
154 165 37
102 108 31
3 5 36
103 111 43
81 94 43
71 89 30
143 145 40
190 195 43
48 50 50
153 161 47
66 76 42
21 26 47
182 191 42
8 14 31
186 197 46
14 18 46
79 95 35
130 139 46
105 115 39
13 19 50
17 19 37
9 13 48
12 29 46
89 92 37
1 3 41
109 113 47
4 6 35
141 158 44
2 4 33
157 159 40
185 194 36
81 97 35
25 43 41
170 178 41
120 128 44
30 45 33
7 25 45
66 68 39
160 177 35
46 64 35
126 129 47
1 8 40
14 25 44
139 141 43
123 137 35
58 62 46
103 107 33
195 199 47
75 78 39
183 197 38
133 152 33
138 149 45
186 188 43
93 101 50
190 200 39
77 79 50
6 19 30
7 22 35
48 66 32
117 131 31
140 151 31
67 69 34
29 36 45
32 42 32
19 36 32
102 118 50
168 170 32
105 110 40
60 73 47
168 178 30
65 69 47
41 50 47
35 40 45
190 192 32
60 79 31
103 122 33
196 198 32
104 123 36
12 17 34
31 44 50
169 174 40
32 45 36
122 131 35
173 184 49
129 134 41
167 174 44
33 52 44
41 44 42
151 157 47
84 92 45
52 64 44
177 188 35
155 166 47
190 196 46
148 166 47
71 80 30
67 86 43
165 175 36
182 185 30
29 39 34
120 139 40
169 175 47
126 145 47
145 155 40
105 117 36
33 45 44
42 59 36
134 150 48
81 92 31
107 124 49
184 191 36
22 33 41
130 133 47
72 91 49
113 118 46
164 167 43
93 109 38
173 175 39
167 169 34
134 137 44
112 128 30
65 73 35
135 145 43
5 17 32
40 50 30
156 164 33
112 126 41
136 150 35
186 193 50
64 69 49
182 184 38
80 93 45
75 82 46
23 32 43
63 70 42
120 130 42
122 140 48
21 32 42
144 161 43
164 177 45
121 136 43
183 195 42
21 36 34
100 112 45
174 188 31
50 58 35
70 81 49
37 49 45
194 200 34
53 67 36
156 166 41
99 101 45
162 178 33
165 177 46
179 181 48
105 121 37
100 102 41
28 34 40
150 156 35
13 23 50
61 69 45
41 48 39
93 97 43
100 107 34
143 150 35
186 199 38
35 54 39
25 41 31
152 156 46
89 91 49
72 74 39
10 19 40
69 86 30
88 100 47
103 121 39
16 27 47
194 199 45
34 51 37
148 156 31
17 36 47
32 38 38
36 38 30
12 26 42
40 53 43
33 47 48
57 68 40
49 66 33
59 61 44
127 132 39
80 91 49
103 118 35
126 132 34
80 90 48
26 31 48
142 154 38
71 79 46
7 17 50
50 69 45
186 192 48
176 186 49
41 52 41
67 77 31
147 154 46
153 170 49
99 105 38
122 130 45
91 104 32
129 145 48
163 173 38
96 114 38
54 65 42
72 89 39
31 47 34
96 100 32
131 148 34
184 186 47
71 77 47
104 120 35
76 78 36
195 197 48
115 130 30
128 136 49
29 32 48
53 55 34
75 85 35
22 30 38
172 176 45
108 113 45
90 96 35
54 69 49
162 177 43
110 122 48
114 116 49
56 72 30
87 93 32
61 77 49
4 23 43
185 191 31
103 105 35
142 145 43
127 142 36
111 119 34
132 151 44
169 181 41
183 187 37
100 110 49
11 13 50
73 79 34
159 170 37
155 170 35
98 117 33
153 166 36
183 192 38
141 143 35
83 101 48
178 189 36
146 160 39
37 55 41
172 190 41
82 95 40
9 19 32
124 137 46
177 182 49
56 75 41
18 32 39
130 134 47
86 94 47
87 105 36
143 159 42
151 164 38
2 9 36
185 193 35
139 150 38
156 162 34
136 144 38
166 175 35
45 56 47
121 138 45
23 38 35
34 53 34
95 108 45
132 144 30
77 89 50
89 102 32
75 83 43
14 24 44
107 126 37
175 193 45
55 68 39
1 20 47
64 80 30
162 173 38
19 27 40
104 117 41
162 164 50
16 18 31
85 95 34
43 48 40
140 143 34
58 65 33
124 130 50
98 114 35
138 155 47
113 124 33
96 112 50
30 48 32
37 40 41
173 186 32
69 81 34
87 99 46
63 74 31
13 20 33
191 197 40
165 179 33
41 58 37
83 85 43
164 173 33
186 190 41
81 87 32
106 110 41
30 42 41
159 171 31
145 148 40
59 73 35
153 158 37
24 33 50
131 146 39
161 175 36
111 113 38
26 43 44
148 164 30
17 20 45
37 54 50
32 47 32
64 71 33
37 45 47
192 195 35
51 67 42
99 116 47
1 18 32
111 123 36
108 117 48
74 79 30
27 39 34
82 85 50
180 189 32
72 85 46
177 195 49
21 35 39
106 121 49
31 33 33
186 195 34
76 85 36
120 132 42
110 126 49
32 44 33
173 190 30
142 158 34
55 71 42
76 95 50
189 194 48
69 75 38
185 195 43
158 174 38
79 81 49
176 194 44
81 89 49
10 15 44
144 151 45
38 55 35
121 127 36
39 57 42
193 199 41
163 166 45
138 145 40
64 72 35
102 105 44
52 55 32
28 47 45
167 184 34
87 90 45
77 92 33
118 133 32
37 48 48
122 137 43
172 181 37
74 85 39
33 37 31
58 73 30
65 77 30
61 65 35
106 108 42
149 152 40
61 68 50
129 141 45
119 125 37
147 163 44
161 171 44
112 131 41
55 66 50
87 91 39
82 100 50
56 64 43
193 196 36
40 44 30
154 164 50
52 54 37
145 149 47
20 38 46
137 148 45
78 96 44
59 78 46
45 60 33
133 148 48
51 57 33
5 23 42
135 151 30
59 64 47
170 189 49
67 81 31
55 69 43
100 106 43
34 38 33
130 147 40
120 137 45
49 58 41
182 194 49
78 83 44
67 83 42
150 166 39
29 35 50
73 77 31
115 122 35
101 103 35
1 4 32
135 142 33
126 139 37
183 185 44
172 189 32
134 136 48
80 85 40
173 191 38
138 146 36
138 140 48
178 182 41
192 199 50
26 40 33
107 121 32
53 61 40
92 94 48
83 94 37
144 163 35
56 71 50
46 58 39
145 154 44
189 193 39
166 173 30
70 87 46
54 58 32
65 71 31
126 130 44
120 127 34
189 198 39
180 198 43
16 26 37
142 146 42
115 131 42
66 74 36
98 111 32
149 165 32
67 84 49
168 176 37
70 76 42
68 73 39
18 22 44
87 103 33
24 30 39
39 41 44
99 117 46
47 56 32
59 67 34
2 19 47
5 15 36
143 152 41
181 191 44
67 72 48
196 199 47
185 189 49
191 199 35
82 93 41
75 92 36
142 149 46
50 52 31
45 62 34
11 17 32
84 91 40
109 112 47
52 67 33
13 27 48
9 11 43
25 32 40
125 129 50
14 17 34
101 105 48
60 63 30
28 42 48
170 180 44
30 43 37
99 112 43
114 126 36
4 8 39
163 174 32
118 120 42
110 128 48
86 93 45
114 122 34
61 79 46
167 170 45
73 86 47
166 174 34
170 188 50
181 192 40
75 87 33
158 170 45
140 159 31
60 68 31
47 54 38
27 35 30
7 14 35
44 56 38
146 154 47
96 107 35
18 25 46
17 26 41
47 61 35
143 149 34
89 98 30
179 189 35
82 98 41
69 71 48
71 76 44
66 75 50
12 25 40
95 113 32
191 198 41
167 182 50
185 198 40
80 89 34
91 99 39
175 181 33
104 106 44
90 101 42
77 95 33
48 67 43
102 111 49
65 68 39
31 42 30
187 196 36
155 172 39
13 24 40
47 52 43
134 145 38
66 85 47
5 10 31
116 131 41
161 179 43
183 196 39
4 16 40
9 28 49
93 111 47
17 23 48
107 123 50
93 105 31
106 123 46
130 141 30
140 158 39
138 156 48
116 130 44
176 182 38
77 90 42
91 105 32
54 56 39
43 47 40
145 161 41
174 179 35
129 138 38
52 61 47
22 32 31
95 97 49
149 156 37
90 95 32
96 115 30
89 95 33
17 24 30
16 25 40
22 36 44
35 51 37
42 49 36
3 20 30
18 35 48
122 132 46
162 180 38
124 126 38
64 73 32
123 130 36
69 77 48
94 112 45
119 122 35
66 70 50
178 187 34
14 16 35
169 184 31
151 168 42
94 102 48
2 21 41
43 59 30
191 194 49
65 70 42
51 70 37
29 42 40
92 110 49
169 176 50
93 98 49
93 107 41
83 102 33
107 111 44
111 128 38
101 118 32
140 152 39
112 125 36
181 190 37
181 189 34
157 175 44
175 179 48
145 156 37
76 91 40
168 182 42
131 150 36
43 53 47
20 35 44
135 148 39
21 34 30
57 60 42
101 107 46
144 159 41
49 62 43
98 103 39
33 42 31
42 61 38
43 55 32
47 60 50
2 14 46
167 180 46
171 189 43
47 49 41
141 154 36
149 162 49
24 26 43
27 31 46
49 67 35
36 55 50
187 194 42
58 75 36
78 91 41
74 76 34
155 165 33
79 82 39
135 149 44
156 163 36
131 134 50
52 65 47
86 101 31
94 100 45
76 93 32
22 41 49
49 52 39
129 132 44
146 158 42
44 61 44
28 45 30
157 167 45
76 82 38
27 29 30
86 97 45
40 58 49
8 18 32
42 56 38
96 113 38
34 40 40
177 181 41
178 192 30
7 23 33
108 111 35
42 48 35
141 146 35
56 62 42
11 25 46
168 187 44
154 173 46
35 39 32
114 129 46
117 126 38
133 144 50
165 172 40
180 186 48
62 80 32
32 43 41
144 152 30
2 17 44
165 180 45
170 173 37
152 164 34
56 60 35
4 14 47
119 123 42
145 152 48
50 67 46
154 166 41
38 51 31
54 70 36
181 193 46
179 192 49
103 109 45
148 157 46
149 153 39
117 129 40
22 35 44
33 40 44
28 38 31
116 123 48
49 64 30
36 52 49
5 7 31
132 149 36
171 175 34
160 172 43
136 149 36
151 165 46
114 127 39
175 192 43
168 181 34
76 88 33
165 171 46
20 37 41
189 199 31
97 113 46
71 82 31
106 119 34
26 35 40
153 157 48
146 150 39
69 84 34
88 105 43
116 122 48
44 52 34
81 86 31
124 131 37
73 89 41
181 184 32
141 148 34
128 147 37
171 173 33
171 188 44
5 24 47
85 104 48
174 180 43
106 111 41
39 45 45
48 51 40
60 72 33
36 51 50
191 193 39
38 57 32
176 180 37
183 190 40
175 186 30
52 68 50
170 183 50
45 64 40
109 125 32
157 171 47
133 137 39
88 90 34
39 54 36
164 169 33
37 39 31
148 165 39
50 55 50
53 62 38
138 150 50
7 16 44
38 49 41
57 75 38
168 185 40
13 30 30
95 103 31
51 53 38
27 32 38
162 167 50
61 63 46
123 129 39
49 55 36
146 159 44
36 46 41
160 167 48
146 152 31
82 89 40
22 26 31
97 115 46
40 54 30
38 45 37
64 83 44
110 124 49
11 14 30
17 31 36
137 144 42
53 64 31
8 19 44
134 149 42
3 12 40
179 183 30
19 29 48
38 54 39
106 117 32
178 183 33
168 183 33
120 125 34
47 51 50
56 68 45
28 35 50
82 101 49
30 37 39
128 132 46
187 192 50
126 144 40
135 153 45
60 66 35
62 64 47
18 21 42
163 165 36
113 126 39
112 119 42
99 111 38
50 62 39
21 30 49
45 63 38
188 195 31
107 110 36
164 179 36
83 91 45
152 160 47
140 155 34
120 131 39
146 148 36
50 65 50
91 97 37
74 84 49
94 101 48
116 118 37
90 109 30
118 131 43
60 74 49
68 78 46
92 111 33
8 26 41
7 21 43
184 194 39
166 168 33
132 142 42
186 194 35
171 177 40
82 94 31
14 22 47
180 182 41
77 85 48
54 59 40
72 87 44
180 193 45
93 95 37
175 191 32
103 115 44
180 183 38
129 135 39
103 120 42
162 165 31
138 147 41
156 161 46
120 124 33
146 156 44
52 59 50
129 131 45
183 199 44
161 165 36
27 45 33
136 152 47
42 53 43
117 135 34
47 63 32
35 50 44
89 97 35
115 126 45
180 187 40
13 15 39
107 117 37
28 39 30
187 198 47
84 89 36
119 130 47
183 194 41
114 119 43
83 87 48
3 11 41
53 66 32
139 158 49
27 36 32
155 159 33
165 181 43
94 108 48
96 99 35
114 123 35
4 20 40
66 78 30
167 186 36
26 29 43
58 71 35
97 110 42
155 169 36
46 52 41
176 178 47
50 56 40
14 31 41
115 132 31
87 101 39
132 146 43
178 197 38
127 129 34
97 108 40
61 73 43
44 62 33
54 63 32
24 39 39
172 185 50
79 88 31
127 143 33
115 119 30
8 10 39
95 111 44
61 74 46
161 177 33
189 197 34
61 70 35
58 68 47
91 110 47
144 147 48
47 50 32
115 134 41
176 181 31
72 77 39
55 61 30
124 138 36
76 87 31
157 163 46
172 187 38
70 75 46
147 156 36
193 197 48
25 35 47
30 49 37
45 57 38
85 89 46
146 149 42
62 74 36
142 147 45
160 163 30
165 184 42
48 55 44
166 184 41
186 196 40
57 64 39
188 193 50
131 135 33
187 200 35
66 84 39
41 51 31
23 26 31
91 106 50
135 146 37
39 50 30
47 58 48
109 117 48
96 106 37
188 191 43
42 55 30
66 77 37
119 137 37
63 72 47
63 65 42
2 13 36
94 105 35
10 14 40
41 60 42
192 194 48
182 190 47
160 173 35
112 129 37
38 41 36
139 146 41
186 191 34
38 56 31
8 16 31
5 18 44
42 60 42
66 83 35
53 71 36
128 130 46
166 182 42
121 140 43
83 90 33
101 115 40
85 98 39
32 49 48
5 13 30
44 55 47
24 29 34
17 33 47
44 47 48
10 20 46
101 110 30
10 28 39
23 40 39
88 96 42
88 103 45
170 182 38
114 132 42
39 47 39
97 112 47
146 157 48
163 167 33
144 160 40
195 200 44
108 115 45
83 99 41
118 124 45
104 121 42
94 96 36
152 154 34
98 116 30
169 186 41
25 39 38
174 181 49
33 44 36
126 137 34
38 50 32
187 195 30
136 154 40
118 130 50
172 184 47
84 93 34
122 125 40
48 52 39
178 185 41
184 192 38
3 21 42
97 100 49
58 63 34
21 28 50
78 88 38
176 188 36
71 83 30
88 104 48
121 134 47
99 109 36
62 76 42
72 79 41
181 194 49
28 36 35
2 11 30
156 158 39
150 165 50
2 8 43
18 29 39
91 109 36
42 57 30
42 52 45
33 49 46
131 136 46
115 129 30
8 24 38
100 114 36
44 49 36
69 79 37
107 125 47
158 166 46
9 15 35
76 89 32
43 49 35
144 162 37
51 54 48
139 151 41
173 176 35
34 41 32
101 117 33
110 118 37
143 151 31
162 168 50
172 174 31
36 53 31
181 197 41
58 69 44
12 14 37
92 104 47
177 184 40
94 110 41
22 31 43
107 120 33
14 27 37
112 123 47
3 13 47
22 24 36
31 48 35
75 86 50
152 167 36
88 95 48
150 160 48
127 137 42
148 152 48
33 35 39
65 79 50
31 50 48
84 99 48
17 25 34
35 49 30
49 61 45
82 86 40
114 124 45
129 148 31
150 157 30
61 76 37
150 159 50
138 143 35
169 183 34
180 192 31
189 191 38
147 150 30
27 43 38
132 145 43
11 23 49
182 195 31
117 120 32
176 185 36
13 29 30
46 48 45
160 165 48
6 12 31
103 113 49
3 9 32
126 131 43
64 70 50
110 120 37
157 162 34
163 175 47
46 53 49
7 9 47
9 20 31
30 32 49
33 39 33
149 154 38
88 106 37
109 119 30
53 57 42
57 72 42
89 93 44
12 15 39
78 80 47
113 129 31
91 101 30
50 53 46
162 171 46
152 157 36
176 193 38
11 18 40
111 127 49
33 41 40
151 166 49
85 103 37
31 45 45
172 175 46
164 176 45
157 165 32
113 123 47
138 157 38
43 52 50
29 33 40
186 200 42
104 116 38
65 76 37
32 35 39
134 141 35
96 98 35
156 171 44
185 199 36
37 44 46
37 50 47
140 150 45
17 28 48
112 118 48
6 13 45
81 99 42
14 19 49
34 44 44
91 95 35
131 139 35
192 197 37
55 58 32
152 162 40
154 161 32
155 171 45
30 36 36
93 112 44
4 12 46
162 172 46
35 52 41
181 195 48
80 83 42
149 158 35
96 104 36
146 161 38
162 176 39
136 146 36
1 13 41
42 58 43
71 84 34
187 193 43
101 116 46
111 130 38
90 100 41
123 138 30
116 129 42
95 99 50
135 138 35
171 183 38
170 175 49
100 115 34
79 97 44
60 70 39
79 85 35
26 32 38
37 56 39
73 88 41
133 143 35
42 47 30
110 112 49
171 186 42
109 111 40
16 29 35
107 118 31
82 90 38
22 28 45
4 17 41
83 95 40
111 118 39
18 27 46
160 175 36
59 76 32
72 75 36
37 52 37
47 65 38
105 112 31
126 133 43
159 176 30
46 49 49
78 87 35
26 30 38
137 151 47
102 115 31
15 34 39
170 176 33
96 111 40
83 93 49
131 137 35
47 66 38
45 59 49
63 69 42
66 82 36
94 97 47
100 117 48
62 65 32
152 159 46
139 147 39
68 82 30
30 38 50
99 110 42
69 72 30
112 114 39
72 88 32
86 103 44
132 143 35
154 169 36
56 66 39
55 74 34
146 162 37
91 103 45
93 108 43
24 40 44
147 158 44
146 163 47
141 150 45
84 101 37
102 121 41
98 106 36
125 137 48
34 47 47
86 90 40
161 176 37
122 128 43
174 185 35
57 63 40
164 174 32
105 123 43
155 162 37
20 29 45
117 121 30
136 145 32
192 198 48
92 103 46
97 103 32
74 78 38
136 141 50
163 168 42
81 93 40
26 41 48
15 25 33
177 187 40
29 48 39
59 71 35
67 79 37
19 26 35
123 133 33
118 127 41
163 172 49
193 200 37
157 173 50
60 77 38
58 67 34
135 137 31
130 148 40
100 118 40
115 118 45
111 116 35
19 23 47
152 155 43
173 188 50
176 190 30
142 155 47
87 92 35
156 167 39
80 96 35
119 124 42
25 33 47
171 179 49
3 16 30
66 72 44
157 169 38
140 153 39
15 28 41
41 56 31
49 60 49
147 152 31
23 34 31
98 107 39
33 43 38
175 188 45
124 139 30
156 172 40
117 132 38
56 69 50
71 78 40
68 79 33
142 152 30
110 113 32
165 182 38
113 132 45
125 130 30
114 133 41
67 78 38
130 132 50
32 40 39
158 167 38
60 64 32
183 191 39
134 142 35
132 138 38
46 65 47
122 133 46
163 181 43
173 178 38
137 143 46
166 171 38
6 16 43
163 182 48
154 168 35
158 165 44
106 122 45
132 134 42
64 66 38
106 114 36
57 69 49
97 107 40
125 131 39
5 22 34
145 164 49
141 151 38
77 81 38
34 37 40
127 146 39
101 113 38
43 46 38
171 190 32
35 37 36
134 151 37
157 176 33
10 16 35
3 22 44
137 147 49
189 192 43
101 112 39
183 200 40
129 140 32
127 136 34
78 89 30
177 191 31
17 29 46
59 72 49
95 104 42
8 11 34
179 196 49
56 70 43
128 131 34
70 77 46
44 50 37
88 92 31
41 59 30
173 189 49
87 104 33
46 63 49
8 13 38
101 109 50
140 157 31
127 141 46
105 111 33
77 88 35
112 117 41
41 45 44
121 130 48
92 101 42
173 179 37
16 20 44
119 136 48
72 83 35
80 82 50
7 20 32
68 84 32
5 20 45
57 65 49
70 79 30
164 168 31
97 114 31
134 152 34
131 147 37
41 46 30
43 54 30
27 37 30
31 49 43
60 62 47
120 129 38
165 178 48
172 188 49
53 56 32
179 187 42
5 8 44
12 16 32
130 145 45
45 58 35
149 161 39
160 178 35
169 182 38
92 96 45
152 161 43
115 123 38
26 44 47
161 173 31
54 64 48
104 114 31
150 153 43
19 21 44
105 109 42
155 168 46
174 176 41
12 30 30
22 38 36
3 8 45
22 39 47
62 75 38
90 107 31
122 126 31
134 138 39
34 50 49
81 95 32
175 185 48
184 189 43
56 74 45
117 125 39
156 173 39
35 48 35
110 115 46
6 24 50
2 20 41
102 112 46
180 197 47
15 27 41
102 117 42
138 154 46
121 125 36
71 86 33
34 45 32
82 97 41
143 148 32
73 76 31
71 75 44
21 27 48
144 150 39
77 83 43
4 11 36
182 189 34
71 90 30
155 160 30
118 129 34
117 134 34
134 143 41
106 113 48
124 127 39
123 132 50
166 179 42
167 178 30
167 177 37
175 184 38
119 134 37
70 83 50
31 40 37
31 41 40
57 66 38
127 131 47
75 84 42
49 68 45
163 169 35
143 158 42
151 156 40
24 38 43
112 124 31
131 145 32
19 38 48
153 168 45
105 120 33
59 77 47
110 116 48
152 163 50
96 110 32
167 173 40
51 66 36
51 65 42
141 147 50
139 144 42
190 198 47
145 150 40
3 7 42
42 46 39
133 151 35
116 125 32
52 56 39
46 51 48
39 52 37
151 167 34
147 153 38
76 86 33
15 32 46
87 98 48
136 139 49
176 195 38
41 53 45
45 50 44
147 165 48
130 135 40
47 55 43
125 133 44
185 190 32
126 136 43
51 64 35
69 78 33
117 130 32
116 128 33
58 72 47
172 180 50
30 40 32
118 125 30
144 153 49
60 78 32
61 80 45
123 134 50
164 175 31
43 58 44
115 133 44
121 129 46
118 121 37
42 51 47
147 151 32
98 110 38
170 179 46
121 135 39
27 42 36
60 69 40
133 136 31
120 123 41
178 191 32
140 156 47
28 32 45
156 169 44
136 147 38
73 78 39
119 126 44
93 100 39
58 66 48
155 173 50
177 180 39
32 41 34
76 83 36
48 61 33
9 21 45
36 49 34
1 7 49
124 140 49
76 90 36
55 67 48
175 190 42
55 59 43
49 63 34
124 143 37
161 170 49
112 130 43
82 87 45
108 119 35
48 62 38
48 65 41
12 24 31
8 23 31
97 109 40
77 86 39
85 101 46
71 74 41
21 33 49
77 87 36
98 113 33
170 174 48
165 170 43
27 46 30
109 127 33
153 163 34
160 168 31
112 115 39
1 11 47
63 82 38
24 41 48
102 107 37
63 66 47
71 88 48
37 46 36
101 111 44
143 161 35
188 190 50
168 179 49
113 128 34
95 105 34
40 49 37
102 110 40
35 45 31
107 115 38
15 33 30
30 35 39
160 179 45
51 60 32
125 141 38
90 94 44
83 88 34
65 67 44
46 56 37
72 78 42
102 116 38
5 16 50
178 180 47
79 96 32
148 155 37
90 98 36
127 139 32
97 111 36
1 9 44
87 100 35
181 183 47
98 101 34
171 174 44
186 189 45
179 190 47
98 102 41
103 108 46
178 195 48
89 107 34
70 72 46
36 42 50
29 44 32
151 155 33
67 74 39
178 190 50
118 136 32
80 97 46
77 93 32
181 186 38
159 161 32
176 189 30
34 46 46
124 132 50
82 96 30
124 134 49
170 184 47
124 129 44
32 50 49
127 145 31
141 152 31
19 34 39
167 176 40
7 24 38
96 109 49
7 11 32
28 43 39
101 104 39
185 196 50
100 103 30
120 136 34
45 48 50
84 86 43
66 69 48
99 106 48
116 134 35
22 25 37
4 21 36
70 86 43
108 118 30
58 70 40
127 133 36
86 105 42
159 172 34
65 72 47
18 24 38
74 91 30
154 159 48
58 76 49
90 104 36
139 143 39
91 108 37
23 37 30
135 140 39
151 158 41
26 39 45
24 37 33
12 19 47
79 87 36
89 101 46
163 178 39
46 55 43
44 51 44
133 139 45
10 29 46
133 138 31
74 81 50
54 71 37
47 64 31
169 171 39
27 40 33
74 77 40
52 58 43
62 79 42
27 34 32
120 133 32
114 120 38
143 153 42
71 81 46
114 117 50
76 92 44
93 106 34
104 119 50
131 149 35
62 66 38
107 112 42
46 59 30
129 143 42
118 122 37
145 163 47
94 98 48
139 142 32
138 144 42
151 159 48
36 48 40
179 194 36
95 102 44
142 144 39
167 185 30
43 51 34
89 94 36
80 92 42
129 142 35
132 137 42
19 37 48
22 37 46
28 31 50
170 172 45
143 147 41
100 105 38
150 154 50
121 128 36
131 142 45
76 79 40
176 183 41
14 32 38
86 98 37
155 158 33
110 117 42
130 143 41
73 90 49
155 174 33
155 161 48
153 169 49
90 106 31
110 127 42
50 64 49
155 167 32
149 159 32
170 181 48
124 128 32
6 14 50
98 112 40
135 143 32
20 36 44
182 198 37
68 83 43
9 24 40
15 19 46
69 80 48
24 34 45
75 90 44
69 83 35
168 177 45
159 164 49
180 190 33
167 183 33
137 150 39
182 196 34
171 178 47
52 66 35
193 195 35
170 187 50
166 185 33
85 91 42
38 42 37
78 95 40
57 61 30
31 43 41
157 174 45
117 119 40
7 15 34
53 69 32
152 171 46
16 34 41
100 108 46
117 123 34
77 80 34
17 34 45
90 93 44
95 112 36
105 114 32
139 154 50
52 71 32
148 151 39
160 166 46
147 164 37
169 172 43
132 141 35
86 104 49
7 26 48
99 118 49
169 180 49
134 148 40
161 174 42
178 181 37
59 68 36
40 48 49
183 188 33
89 106 39
120 138 33
99 103 38
111 122 45
104 113 30
162 169 41
177 194 35
46 50 32
157 160 36
89 99 45
130 140 42
181 188 49
47 59 34
9 25 45
13 31 41
157 164 47
109 115 39
35 44 48
123 135 50
82 92 40
24 42 49
33 51 44
83 92 31
11 29 45
14 21 48
47 57 38
17 21 30
106 125 30
15 21 36
60 65 46
126 134 44
39 43 36
176 179 43
142 159 41
9 14 33
165 167 41
35 53 31
11 27 44
38 43 47
27 44 37
131 140 50
121 124 39
91 102 50
79 98 47
86 100 47
23 33 33
43 56 40
94 113 44
4 18 32
21 40 49
70 80 47
96 102 40
56 73 38
28 44 34
138 142 36
62 67 45
44 53 39
14 29 30
125 135 48
157 168 39
126 143 43
171 181 34
149 167 33
150 162 39
15 30 42
104 112 47
66 79 35
54 68 35
100 104 39
91 107 36
162 181 45
188 196 47
123 141 41
184 195 46
168 173 44
173 177 47
104 107 50
55 73 31
8 25 41
104 118 30
78 97 45
158 177 36
124 135 40
95 101 45
11 16 49
73 75 46
139 153 50
179 182 43
36 41 50
176 184 50
137 155 38
95 114 48
136 140 46
68 86 41
168 184 47
164 178 45
63 73 45
99 114 47
153 164 37
115 121 45
44 48 48
104 122 40
137 149 37
23 25 48
128 141 43
133 150 47
103 114 50
44 57 50
113 125 42
129 133 33
149 163 46
2 15 46
3 15 36
6 8 37
79 83 50
187 197 49
153 171 38
59 75 50
87 97 35
153 160 45
54 60 44
141 144 31
25 31 47
134 146 48
18 30 49
159 169 45
114 125 43
153 156 42
177 196 31
184 197 38
93 104 50
46 61 40
20 23 33
181 185 43
116 120 33
152 158 36
94 106 48
58 60 42
73 80 44
165 174 35
182 192 40
79 84 35
136 142 46
70 85 37
103 116 32
164 170 31
13 26 33
123 125 41
86 96 49
174 182 33
187 189 43
111 121 31
107 109 41
34 49 39
172 177 41
49 56 38
159 174 40
162 179 46
88 101 35
5 19 42
141 157 48
134 139 44
16 31 33
32 48 43
160 162 33
64 76 50
132 147 39
32 36 40
36 47 43
15 29 49
19 22 34
44 54 35
147 160 36
20 24 42
118 137 39
188 194 48
184 190 47
78 86 35
180 194 41
33 38 50
153 167 46
55 63 43
174 191 44
176 187 39
101 119 43
122 135 47
70 78 38
107 116 47
64 77 43
137 156 50
59 74 45
24 32 39
10 13 35
168 186 30
156 175 42
166 176 32
115 120 50
86 99 39
40 57 35
90 99 38
129 146 42
86 89 40
14 26 47
54 73 31
10 26 48
160 169 48
75 77 31
108 126 49
59 62 39
39 56 47
172 186 46
45 55 39
101 120 32
118 123 50
113 115 43
107 119 49
61 78 31
161 164 48
143 156 49
113 130 31
21 29 45
88 99 42
92 99 44
97 105 37
87 106 45
80 98 44
35 47 48
84 94 40
98 100 50
151 163 44
3 10 30
167 179 42
25 30 43
95 110 38
143 162 43
86 102 36
119 127 31
6 25 32
102 113 50
99 107 45
71 85 42
148 150 36
165 176 35
38 40 50
13 28 40
6 17 50
14 33 33
88 98 35
174 177 33
175 189 30
132 140 42
147 149 32
85 92 34
46 57 39
63 79 48
145 157 47
92 108 45
42 54 47
7 19 35
174 189 41
116 121 37
131 133 49
44 60 48
137 140 40
19 28 46
94 111 35
2 10 41
80 87 44
106 120 31
28 41 42
31 39 43
83 97 45
47 53 50
23 29 44
113 120 41
182 188 37
116 119 37
123 126 39
143 160 40
6 10 50
64 79 31
130 146 41
1 6 40
67 75 45
48 56 44
125 127 39
85 99 30
70 89 36
32 51 48
111 117 37
113 116 42
125 134 37
84 100 31
60 76 50
28 40 33
177 185 35
123 142 32
142 156 32
137 141 31
29 34 41
152 168 32
61 75 44
52 57 36
63 78 47
114 131 41
161 166 40
126 135 30
21 24 49
12 21 40
158 169 41
117 136 38
180 185 33
102 114 36
5 12 41
88 94 39
141 156 45
147 155 43
41 54 44
89 96 41
144 148 39
7 18 44
20 34 47
122 141 31
32 34 39
173 185 48
17 22 34
108 127 31
38 44 46
153 159 34
25 36 30
38 47 37
28 37 38
154 163 36
150 169 30
183 198 37
84 87 42
187 199 37
17 32 31
131 138 32
112 127 33
51 56 45
12 23 45
122 124 38
43 60 49
78 93 37
26 36 45
178 193 42
93 102 35
185 197 33
184 198 37
37 51 48
3 17 40
144 157 47
128 134 38
142 161 33
133 145 43
105 116 38
32 37 46
154 170 36
116 132 46
61 64 32
36 54 50
98 104 35
6 21 35
92 100 47
75 91 50
145 151 42
160 170 47
82 88 40
163 171 48
79 91 30
15 22 41
63 71 38
76 84 35
53 60 38
124 141 46
43 62 33
169 185 45
44 58 30
184 193 38
69 73 31
55 72 31
20 32 31
157 161 41
174 184 42
115 128 45
90 105 31
18 31 45
14 20 48
153 165 32
74 90 34
57 76 40
146 151 31
150 168 43
109 123 31
74 82 44
16 24 36
9 12 48
154 167 34
125 138 46
73 83 48
118 132 36
97 101 44
57 62 33
125 136 45
43 57 34
60 67 49
177 190 33
73 87 42
50 66 30
136 151 49
173 181 30
134 140 36
135 150 31
9 17 46
158 175 37
1 5 50
101 106 43
39 49 45
165 183 42
28 46 45
75 89 42
170 186 41
62 71 49
110 125 34
48 63 48
109 124 30
95 109 43
38 46 40
121 133 44
163 180 41
147 162 32
59 69 30
1 12 37
23 41 47
27 38 47
169 177 47
39 58 41
184 187 38
124 142 31
81 83 36
164 172 30
81 85 31
10 12 47
182 193 49
144 149 42
125 140 46
43 45 42
97 116 42
158 160 41
93 99 31
35 43 50
139 148 43
144 156 49
116 124 47
75 88 40
51 62 38
81 91 38
113 117 47
2 7 47
126 140 42
108 116 41
137 154 48
16 32 46
25 34 42
134 144 39
16 35 33
102 109 42
65 84 46
168 174 35
177 189 36
23 39 34
56 65 31
30 34 43
91 93 30
68 72 37
8 22 33
163 176 49
147 161 32
80 95 40
150 161 35
164 180 46
139 156 47
88 93 31
143 146 38
13 17 44
72 82 39
44 46 32
186 198 38
75 80 35
68 70 48
130 136 39
48 57 31
65 78 37
59 63 41
174 190 50
188 198 33
85 97 49
56 61 38
137 152 36
173 180 43
135 139 43
