100
7
2 3 5 
1 7 
2 4 1 
2 6 3 
1 1 
2 7 4 
2 2 6 
443 425 620 907 155 294 396 
7
2 3 5 
2 7 3 
2 2 1 
1 5 
2 1 4 
1 7 
2 6 2 
733 836 355 365 692 670 158 
7
2 2 4 
2 5 1 
1 7 
2 1 6 
1 2 
2 4 7 
2 6 3 
396 367 23 134 419 553 650 
7
2 2 7 
2 6 1 
1 5 
2 5 6 
2 3 4 
2 4 2 
1 1 
136 86 953 559 839 148 645 
7
2 6 3 
1 3 
2 1 2 
2 7 5 
2 4 6 
2 5 1 
1 4 
530 12 305 172 656 379 793 
7
2 4 5 
2 6 4 
1 7 
2 2 1 
1 1 
2 7 2 
2 3 6 
474 301 782 395 961 919 243 
7
1 2 
2 1 4 
1 5 
2 2 6 
2 7 3 
2 4 7 
2 6 5 
658 429 367 653 559 571 491 
7
2 6 4 
1 3 
2 2 5 
1 1 
2 3 7 
2 7 1 
2 5 6 
6 736 200 507 98 359 555 
7
2 5 4 
2 4 3 
2 2 7 
2 1 2 
2 6 1 
1 5 
1 3 
199 836 912 177 524 220 638 
7
2 4 2 
2 1 7 
2 7 5 
1 1 
2 3 6 
1 5 
2 2 3 
459 647 782 843 964 175 158 
7
1 2 
2 7 1 
2 6 7 
1 5 
2 4 6 
2 5 3 
2 3 2 
523 177 80 741 758 157 437 
7
2 3 2 
2 1 4 
2 7 1 
1 2 
1 6 
2 5 7 
2 6 3 
483 150 221 244 138 165 542 
7
2 5 6 
2 4 5 
2 6 7 
1 2 
2 2 1 
2 1 3 
1 3 
671 201 323 480 52 172 34 
7
2 7 4 
2 5 3 
2 2 6 
2 1 5 
2 4 2 
1 3 
1 1 
181 846 100 496 327 527 187 
7
1 7 
2 7 4 
2 4 5 
2 2 3 
2 3 6 
1 5 
2 1 2 
4 76 197 36 461 524 622 
7
2 3 7 
2 5 3 
2 2 1 
1 5 
2 4 2 
1 7 
2 1 6 
732 787 916 673 294 564 142 
7
2 3 2 
2 1 6 
1 1 
1 7 
2 6 7 
2 2 5 
2 5 4 
390 490 684 617 876 511 21 
7
2 3 4 
2 7 5 
1 1 
2 1 7 
2 2 6 
1 5 
2 4 2 
337 587 259 57 782 173 116 
7
1 7 
2 5 3 
2 2 6 
1 6 
2 7 2 
2 3 4 
2 1 5 
125 622 742 276 207 559 267 
7
1 4 
1 3 
2 7 2 
2 1 5 
2 4 6 
2 5 7 
2 6 3 
375 22 490 203 86 447 307 
9
2 2 4 
2 9 1 
2 8 7 
2 1 5 
2 4 8 
2 7 9 
2 3 6 
2 3 5 
2 6 2 
501 578 241 629 368 536 372 368 296 
9
2 6 3 
2 4 5 
2 1 7 
2 2 9 
2 7 2 
2 8 1 
2 3 5 
2 9 6 
2 4 8 
320 886 67 980 589 765 662 990 480 
9
2 5 4 
2 4 6 
2 6 7 
2 1 2 
2 8 1 
2 3 2 
2 3 9 
2 9 5 
2 7 8 
303 725 207 748 640 562 563 996 188 
9
2 6 4 
2 6 8 
2 7 9 
2 1 5 
2 4 7 
2 2 1 
2 5 3 
2 9 2 
2 3 8 
446 712 755 463 326 687 52 324 877 
9
2 8 2 
2 1 6 
2 8 5 
2 7 5 
2 4 3 
2 2 9 
2 9 4 
2 3 1 
2 6 7 
533 834 800 630 323 5 568 587 588 
9
2 3 8 
2 6 9 
2 4 1 
2 6 3 
2 7 9 
2 2 4 
2 8 5 
2 1 7 
2 5 2 
244 687 713 367 21 195 518 260 178 
9
2 6 3 
2 8 3 
2 2 1 
2 9 8 
2 7 9 
2 1 7 
2 6 5 
2 4 2 
2 5 4 
260 599 663 975 883 937 88 568 742 
9
2 3 5 
2 7 6 
2 9 1 
2 6 8 
2 1 7 
2 4 2 
2 5 2 
2 4 9 
2 8 3 
181 114 600 794 932 122 439 532 613 
9
2 7 9 
2 4 7 
2 6 4 
2 3 2 
2 9 8 
2 3 8 
2 2 1 
2 5 6 
2 1 5 
692 958 857 453 647 750 96 542 805 
9
2 3 8 
2 8 4 
2 7 1 
2 2 5 
2 4 6 
2 5 9 
2 9 3 
2 1 2 
2 7 6 
573 507 604 526 983 367 85 932 160 
9
2 5 3 
2 9 4 
2 7 1 
2 2 5 
2 4 1 
2 8 9 
2 3 8 
2 7 6 
2 6 2 
648 843 396 125 583 54 752 172 846 
9
2 4 3 
2 4 6 
2 9 1 
2 1 2 
2 6 8 
2 2 5 
2 8 9 
2 5 7 
2 7 3 
331 272 150 137 331 219 138 54 231 
9
2 6 5 
2 7 9 
2 7 4 
2 8 3 
2 1 8 
2 9 1 
2 3 2 
2 5 4 
2 2 6 
792 532 406 719 340 706 596 736 945 
9
2 6 3 
2 4 6 
2 7 1 
2 5 2 
2 9 4 
2 2 1 
2 3 8 
2 7 9 
2 8 5 
955 807 726 386 30 211 804 209 78 
9
2 6 3 
2 4 7 
2 1 8 
2 9 2 
2 6 7 
2 5 1 
2 2 5 
2 3 9 
2 8 4 
314 699 692 112 128 263 695 531 707 
9
2 8 9 
2 4 3 
2 2 6 
2 7 2 
2 6 8 
2 3 5 
2 9 4 
2 1 5 
2 1 7 
940 333 506 15 159 658 140 837 90 
9
2 3 5 
2 9 3 
2 2 1 
2 6 8 
2 1 7 
2 4 9 
2 5 8 
2 7 4 
2 6 2 
149 412 52 930 659 489 610 839 104 
9
2 7 2 
2 1 5 
2 7 9 
2 5 6 
2 2 4 
2 4 8 
2 3 1 
2 6 9 
2 8 3 
918 855 866 844 256 455 943 660 231 
9
2 6 8 
2 7 5 
2 9 4 
2 3 7 
2 6 2 
2 5 1 
2 4 2 
2 1 9 
2 8 3 
477 632 550 249 584 907 475 578 992 
9
2 4 7 
2 3 9 
2 7 2 
2 6 1 
2 6 8 
2 5 4 
2 1 3 
2 9 5 
2 2 8 
635 600 302 94 163 393 682 204 887 
59
2 45 43 
2 37 6 
2 35 11 
2 51 23 
2 16 33 
1 2 
2 26 56 
2 38 35 
2 55 29 
2 47 50 
2 3 45 
2 48 38 
2 33 39 
2 23 32 
2 46 25 
2 49 5 
2 50 28 
1 21 
2 28 46 
2 42 30 
2 18 55 
2 32 27 
2 4 14 
2 41 37 
2 15 57 
2 52 7 
2 22 49 
2 17 19 
2 9 58 
2 20 34 
2 56 41 
2 14 22 
2 5 13 
2 30 51 
2 8 3 
2 39 48 
2 24 2 
2 12 8 
2 13 36 
2 57 52 
2 31 24 
2 53 20 
2 1 47 
2 59 54 
2 11 1 
2 19 15 
2 43 10 
2 36 12 
2 27 16 
2 10 17 
2 34 4 
2 40 26 
2 54 42 
2 44 53 
2 21 9 
2 7 31 
2 25 40 
2 29 59 
2 58 44 
902 276 528 791 119 652 114 305 927 695 190 594 85 606 764 23 754 107 999 682 702 782 921 797 582 98 623 180 256 960 523 180 62 204 980 932 756 658 998 148 464 610 545 645 947 881 808 486 936 156 725 102 826 977 885 662 80 238 561 
59
2 14 31 
2 46 11 
2 21 18 
2 53 38 
2 12 40 
2 41 7 
2 6 21 
2 35 22 
2 49 37 
2 40 29 
2 2 15 
2 58 5 
2 52 59 
2 30 1 
2 11 33 
2 48 20 
2 56 32 
2 3 42 
2 37 41 
2 16 23 
2 7 3 
1 8 
2 20 56 
2 33 54 
2 47 26 
2 25 34 
2 29 53 
2 51 52 
2 10 27 
2 38 14 
2 1 55 
2 17 50 
2 15 24 
2 26 39 
2 54 8 
2 44 58 
2 9 19 
2 4 30 
2 34 49 
2 5 10 
2 19 6 
2 18 51 
2 59 46 
2 57 36 
2 55 47 
2 43 2 
2 45 25 
1 16 
2 39 9 
2 32 57 
2 42 28 
2 28 13 
2 27 4 
2 24 35 
2 31 45 
2 23 17 
2 50 44 
2 36 12 
2 13 43 
941 538 259 46 397 742 725 669 305 340 773 174 918 310 664 3 225 136 817 681 691 657 763 59 63 5 51 281 105 433 831 752 258 96 238 674 884 775 502 22 70 597 510 352 281 346 548 688 16 622 736 302 964 252 500 205 614 980 984 
59
2 25 10 
2 11 13 
2 7 52 
2 13 30 
2 15 41 
2 17 57 
2 34 3 
2 49 45 
2 36 25 
2 1 33 
2 56 2 
2 23 32 
2 2 4 
2 40 20 
2 24 5 
2 58 29 
2 47 6 
2 43 46 
2 42 48 
1 14 
2 55 54 
2 29 56 
2 26 12 
2 57 15 
2 9 1 
2 52 23 
2 41 28 
2 27 49 
2 16 22 
2 4 44 
2 32 58 
2 12 31 
2 10 39 
2 38 7 
2 50 40 
2 48 9 
2 53 38 
2 37 34 
2 33 53 
2 35 14 
2 5 27 
2 45 19 
2 54 18 
2 30 55 
2 8 42 
2 18 50 
2 51 17 
2 19 36 
2 28 8 
2 46 35 
2 59 47 
2 3 26 
2 39 37 
2 21 43 
2 44 21 
2 22 11 
2 6 24 
2 31 16 
1 51 
416 544 993 847 984 568 540 528 54 623 831 393 935 459 333 280 818 414 145 778 668 594 320 973 92 590 261 360 895 502 115 756 252 734 297 632 11 370 664 283 68 356 669 481 329 717 11 14 585 428 913 143 28 375 760 218 724 213 200 
59
2 39 42 
2 46 16 
2 36 15 
2 41 55 
2 56 9 
2 10 59 
2 58 44 
2 40 39 
2 5 30 
2 12 6 
2 14 23 
2 13 10 
2 20 12 
2 16 11 
2 3 54 
2 2 14 
2 44 26 
2 23 37 
2 47 36 
2 25 13 
2 26 33 
2 37 49 
2 11 18 
2 50 41 
2 43 20 
2 17 21 
2 32 40 
2 42 45 
2 31 47 
2 9 52 
1 29 
2 33 27 
2 21 32 
2 49 48 
2 59 58 
2 19 3 
2 18 22 
2 54 46 
2 8 1 
2 27 8 
2 24 4 
2 1 28 
2 57 25 
2 7 17 
2 28 51 
2 38 2 
2 29 19 
2 34 53 
2 22 34 
2 53 24 
1 45 
2 30 57 
2 48 50 
2 15 38 
2 4 56 
2 55 5 
2 52 43 
2 35 7 
2 6 35 
24 741 321 981 599 378 74 114 947 179 301 828 738 588 718 52 5 916 171 720 702 560 77 958 124 263 141 841 885 851 649 399 218 666 288 677 885 106 788 484 251 925 547 639 224 302 133 156 404 89 402 191 758 507 958 161 741 459 675 
59
2 29 20 
2 28 32 
2 59 17 
2 36 34 
2 51 15 
2 40 7 
2 6 50 
2 18 43 
2 34 11 
2 24 48 
2 9 45 
2 56 14 
2 42 31 
2 12 21 
2 5 37 
2 53 29 
2 3 19 
2 23 8 
2 17 51 
2 1 59 
2 14 36 
2 58 30 
2 50 18 
2 47 10 
2 33 35 
1 41 
2 35 47 
2 38 2 
2 16 1 
2 22 56 
2 13 49 
2 2 42 
2 44 25 
2 4 9 
2 25 27 
2 21 4 
2 15 57 
2 55 28 
2 43 44 
2 46 6 
2 26 58 
2 32 13 
2 8 39 
2 39 33 
2 11 54 
2 57 40 
2 27 24 
1 10 
2 31 53 
2 7 23 
2 19 5 
2 54 55 
2 49 16 
2 45 52 
2 52 38 
2 30 12 
2 37 46 
2 41 22 
2 20 3 
341 644 136 337 642 187 820 974 175 886 709 696 800 15 226 123 560 503 387 955 896 794 363 398 282 447 161 592 590 520 960 913 330 171 433 130 472 80 352 852 984 345 639 310 610 837 152 469 10 494 359 528 388 310 410 195 143 321 935 
59
2 44 42 
2 9 16 
1 26 
2 36 23 
2 43 59 
2 11 9 
2 8 50 
2 38 7 
2 6 2 
2 18 22 
2 25 6 
1 59 
2 47 25 
2 22 21 
2 30 56 
2 2 29 
2 57 24 
2 40 10 
2 23 41 
2 58 32 
2 14 53 
2 10 14 
2 4 19 
2 17 39 
2 13 11 
2 3 37 
2 34 43 
2 29 36 
2 16 28 
2 51 15 
2 54 49 
2 20 55 
2 49 52 
2 53 27 
2 56 44 
2 28 4 
2 26 38 
2 37 8 
2 24 48 
2 45 18 
2 19 45 
2 1 54 
2 27 5 
2 35 1 
2 41 40 
2 50 58 
2 52 13 
2 39 51 
2 31 33 
2 7 46 
2 48 30 
2 33 47 
2 21 34 
2 42 31 
2 32 57 
2 15 35 
2 55 17 
2 46 20 
2 5 12 
944 60 995 864 264 542 795 810 324 271 79 763 13 490 591 264 587 192 457 211 310 308 125 357 65 365 77 37 71 43 82 751 822 644 858 443 385 716 927 664 366 642 337 91 884 623 6 589 668 688 606 866 407 140 317 726 876 479 355 
59
2 33 59 
2 57 34 
1 19 
2 23 27 
2 29 25 
2 46 31 
2 17 11 
2 50 52 
2 37 18 
2 13 24 
2 7 55 
2 42 23 
2 44 10 
2 18 47 
2 32 16 
2 15 43 
2 25 7 
2 9 14 
2 3 29 
2 53 37 
2 41 51 
2 43 28 
2 12 4 
2 10 45 
2 5 17 
2 34 38 
2 4 46 
2 22 33 
2 19 5 
1 36 
2 6 36 
2 51 15 
2 28 1 
2 2 26 
2 58 57 
2 31 30 
2 20 9 
2 26 50 
2 45 40 
2 39 42 
2 54 21 
2 40 12 
2 16 22 
2 47 13 
2 24 39 
2 27 6 
2 14 44 
2 59 53 
2 55 58 
2 38 8 
2 21 32 
2 8 56 
2 48 20 
2 56 41 
2 11 49 
2 52 54 
2 35 2 
2 49 35 
2 1 48 
806 238 634 223 386 942 235 557 114 302 489 711 989 434 503 770 505 807 440 151 118 325 963 137 144 543 681 863 297 560 991 682 96 686 754 429 772 32 437 711 89 935 724 355 514 159 851 325 959 557 59 840 916 786 614 35 610 124 808 
59
2 22 26 
2 50 16 
1 32 
2 6 15 
2 58 36 
2 40 4 
2 12 14 
2 57 17 
2 20 57 
2 18 51 
2 56 48 
2 45 7 
2 38 24 
2 7 19 
2 4 23 
2 2 28 
2 8 47 
2 48 10 
2 14 50 
2 49 9 
2 54 43 
2 55 1 
2 15 41 
1 13 
2 46 40 
2 1 52 
2 52 34 
2 16 31 
2 53 49 
2 42 54 
2 28 37 
2 3 44 
2 34 35 
2 27 33 
2 33 53 
2 5 39 
2 31 46 
2 47 13 
2 36 45 
2 25 6 
2 23 56 
2 44 30 
2 21 59 
2 32 42 
2 39 12 
2 37 25 
2 17 38 
2 11 18 
2 29 20 
2 19 2 
2 10 55 
2 26 27 
2 35 29 
2 30 21 
2 51 22 
2 41 11 
2 9 8 
2 59 5 
2 43 58 
655 524 62 149 381 439 499 921 534 804 208 130 241 49 87 530 497 596 34 730 774 346 394 148 842 518 336 596 520 279 873 305 308 370 67 17 189 782 526 585 763 66 743 678 603 552 567 438 394 55 567 912 140 325 989 72 802 253 242 
59
2 36 31 
2 33 5 
2 6 27 
2 8 25 
2 2 43 
2 37 3 
2 38 41 
2 55 4 
2 32 50 
2 59 51 
2 40 59 
2 27 16 
2 26 44 
2 44 52 
2 31 32 
2 12 18 
2 46 54 
2 16 26 
2 41 46 
2 53 28 
2 24 48 
2 29 45 
2 54 42 
2 56 21 
2 4 39 
2 18 13 
2 3 12 
2 20 34 
2 51 22 
2 34 35 
2 1 15 
2 15 9 
2 42 2 
2 28 30 
2 30 36 
2 35 1 
2 48 6 
1 7 
2 25 49 
2 52 11 
2 7 19 
2 23 33 
2 5 56 
2 13 14 
2 22 55 
2 19 17 
2 49 57 
2 21 37 
2 39 47 
1 9 
2 10 29 
2 14 40 
2 58 20 
2 17 23 
2 45 8 
2 43 24 
2 47 58 
2 57 53 
2 11 10 
323 70 3 918 918 978 506 763 211 580 214 852 201 712 885 131 226 266 733 874 101 56 146 636 793 888 150 572 150 503 727 171 194 353 329 821 529 108 700 237 972 659 347 161 131 681 758 576 660 957 932 264 925 301 502 896 787 100 210 
59
2 25 40 
2 24 19 
2 27 57 
2 59 25 
2 20 28 
2 45 38 
2 56 35 
2 19 22 
2 22 56 
2 57 55 
2 36 32 
1 52 
2 28 49 
2 40 37 
2 39 45 
2 51 23 
2 34 33 
2 54 52 
2 2 8 
2 30 5 
2 26 46 
2 8 9 
2 16 26 
2 50 2 
2 4 1 
2 23 21 
2 44 3 
2 5 13 
2 41 47 
2 42 20 
2 46 59 
2 11 54 
2 17 43 
1 17 
2 7 44 
2 48 11 
2 14 41 
2 6 58 
2 47 15 
2 1 14 
2 37 29 
2 53 30 
2 33 53 
2 35 27 
2 15 6 
2 21 31 
2 29 39 
2 55 36 
2 13 51 
2 58 24 
2 49 16 
2 18 12 
2 43 42 
2 32 18 
2 10 48 
2 9 7 
2 3 10 
2 38 50 
2 31 4 
323 868 551 431 161 998 972 862 334 583 787 494 706 993 172 82 732 516 733 435 99 718 679 784 548 277 651 597 518 978 16 190 198 223 657 855 459 950 296 427 458 325 532 405 352 92 486 177 945 135 614 450 496 161 154 617 498 244 410 
59
2 24 18 
2 8 19 
2 15 17 
2 14 38 
2 9 39 
2 50 21 
2 35 20 
2 32 2 
2 56 5 
1 40 
2 20 13 
2 25 26 
2 11 23 
2 30 4 
2 34 3 
2 44 59 
2 3 50 
2 1 34 
2 2 41 
2 7 11 
2 6 49 
2 31 25 
2 13 53 
2 54 1 
2 22 12 
2 12 37 
2 37 56 
2 39 33 
2 45 36 
2 52 14 
2 38 22 
2 55 8 
2 28 58 
2 18 15 
2 36 7 
2 29 35 
2 26 27 
2 4 31 
2 5 28 
2 47 10 
2 19 47 
2 59 52 
2 49 46 
2 57 16 
2 48 29 
2 43 57 
2 41 40 
2 51 45 
2 21 43 
2 17 6 
2 58 48 
2 42 30 
2 23 55 
1 24 
2 53 32 
2 27 9 
2 46 44 
2 33 51 
2 16 42 
588 990 662 163 251 609 505 801 469 476 172 475 771 143 219 704 643 213 841 72 244 503 508 614 516 10 556 350 118 616 764 655 198 67 534 409 39 527 911 453 4 662 255 65 195 746 391 795 62 546 485 570 177 86 630 201 210 229 608 
59
2 47 59 
2 13 27 
2 5 22 
2 37 31 
2 6 3 
2 29 5 
2 14 35 
2 30 36 
2 57 34 
2 26 56 
2 27 19 
2 46 26 
1 2 
2 45 7 
2 33 29 
2 38 23 
2 43 30 
2 53 43 
2 11 28 
2 22 40 
2 56 42 
2 3 20 
2 16 48 
2 28 38 
2 36 39 
2 12 10 
2 2 11 
2 19 24 
2 15 6 
2 17 8 
2 4 47 
2 50 45 
2 49 15 
2 9 50 
2 7 54 
2 8 25 
2 40 4 
2 24 16 
2 25 41 
2 20 37 
2 39 55 
1 21 
2 18 17 
2 54 58 
2 32 14 
2 58 12 
2 31 1 
2 23 49 
2 48 33 
2 34 32 
2 59 53 
2 55 57 
2 51 18 
2 35 44 
2 41 52 
2 10 21 
2 52 9 
2 44 46 
2 1 51 
603 405 556 750 57 364 485 32 537 948 648 6 776 271 583 638 958 140 766 572 310 602 105 379 260 742 203 432 109 398 757 48 915 775 178 496 747 422 782 337 794 769 275 474 94 861 42 773 777 119 984 461 372 134 16 338 675 740 945 
59
2 24 26 
2 12 30 
2 59 46 
2 27 39 
2 58 33 
2 38 41 
2 9 38 
2 44 10 
1 7 
2 8 27 
2 18 15 
2 20 2 
2 53 49 
2 54 53 
2 11 25 
2 47 31 
2 49 19 
2 43 11 
2 17 55 
2 52 12 
2 50 29 
2 30 44 
2 51 40 
2 46 1 
2 15 36 
2 1 52 
2 10 4 
2 39 57 
2 21 32 
2 2 22 
2 16 50 
2 29 54 
1 5 
2 56 51 
2 36 47 
2 25 35 
2 42 59 
2 7 6 
2 4 28 
2 23 42 
2 6 43 
2 40 37 
2 41 18 
2 22 8 
2 55 48 
2 3 24 
2 35 16 
2 45 56 
2 13 17 
2 31 21 
2 34 23 
2 26 20 
2 14 13 
2 32 14 
2 19 45 
2 48 34 
2 28 58 
2 57 5 
2 37 3 
997 629 601 21 524 821 235 296 573 269 473 362 843 390 290 423 180 688 85 740 786 381 299 925 46 467 306 936 839 51 349 583 314 544 619 191 11 790 412 823 80 700 288 307 916 663 357 474 131 534 19 853 579 25 70 822 791 340 927 
59
2 47 11 
2 35 18 
2 50 48 
2 12 33 
2 31 24 
2 24 41 
2 20 8 
2 7 14 
1 44 
2 14 28 
2 1 57 
2 16 4 
2 52 21 
2 8 10 
2 33 31 
2 58 12 
2 59 40 
2 2 46 
2 25 32 
2 42 7 
2 13 45 
2 37 39 
2 36 37 
2 5 6 
2 56 19 
2 34 35 
2 44 56 
2 10 47 
2 48 52 
1 51 
2 15 5 
2 19 38 
2 4 15 
2 45 26 
2 26 2 
2 49 23 
2 23 22 
2 32 54 
2 22 51 
2 17 43 
2 6 59 
2 53 20 
2 40 53 
2 9 27 
2 21 34 
2 18 49 
2 28 1 
2 3 29 
2 46 36 
2 57 3 
2 39 30 
2 29 13 
2 43 42 
2 38 55 
2 54 58 
2 27 25 
2 11 50 
2 55 16 
2 41 17 
571 878 736 598 958 474 251 204 542 182 762 936 211 166 274 319 412 226 753 726 377 824 570 591 178 390 271 770 766 135 839 63 86 995 755 139 203 347 979 81 778 82 193 169 8 709 605 944 733 284 878 762 96 991 260 63 2 214 683 
59
2 12 27 
2 56 32 
2 52 22 
2 49 23 
2 54 6 
2 5 9 
2 59 50 
2 35 42 
2 6 17 
2 18 59 
2 25 33 
2 40 1 
2 16 56 
1 45 
2 32 29 
2 44 13 
2 9 49 
2 46 10 
2 50 51 
2 42 28 
2 47 31 
2 3 46 
2 4 55 
2 55 48 
2 29 11 
2 43 44 
2 1 47 
2 20 30 
2 15 25 
2 28 52 
2 21 57 
2 2 15 
2 11 58 
2 39 45 
2 41 8 
2 48 53 
2 38 40 
2 51 37 
2 58 34 
2 37 12 
1 35 
2 8 20 
2 53 26 
2 26 16 
2 34 14 
2 22 18 
2 27 21 
2 24 36 
2 17 4 
2 7 19 
2 19 38 
2 30 3 
2 36 43 
2 57 5 
2 23 24 
2 13 2 
2 31 54 
2 33 39 
2 10 7 
899 268 613 905 401 541 613 791 246 4 707 434 633 227 686 155 118 793 854 460 101 525 666 653 509 154 993 499 274 975 477 497 450 801 368 844 986 537 286 262 782 314 132 362 856 698 959 326 237 899 254 777 623 702 217 11 815 260 915 
59
2 20 5 
2 51 14 
2 42 34 
2 16 11 
2 1 51 
2 45 50 
2 27 10 
2 31 21 
2 11 35 
2 7 18 
2 4 9 
2 33 44 
2 38 49 
2 2 17 
2 41 27 
2 28 4 
2 14 38 
2 10 33 
2 34 40 
2 25 1 
2 8 39 
2 40 56 
2 36 54 
2 46 58 
1 20 
2 57 55 
2 15 7 
2 37 16 
2 54 47 
2 50 59 
2 52 8 
2 53 37 
2 18 12 
2 3 19 
2 9 52 
2 43 23 
2 32 28 
2 17 13 
2 21 45 
2 19 22 
2 49 15 
2 48 3 
2 59 36 
2 12 46 
2 39 6 
2 44 24 
1 29 
2 58 42 
2 13 41 
2 6 30 
2 5 2 
2 35 31 
2 55 32 
2 23 29 
2 26 53 
2 22 57 
2 56 26 
2 24 48 
2 30 43 
722 502 487 300 731 695 48 818 138 316 90 717 552 793 136 608 393 97 211 605 969 576 444 14 675 881 177 906 6 820 520 157 521 150 269 393 501 740 104 887 583 136 16 390 138 736 662 362 295 224 589 802 945 257 641 719 241 660 288 
59
2 8 38 
2 33 58 
2 18 5 
2 22 35 
2 3 45 
2 38 50 
2 51 27 
2 23 1 
2 12 40 
2 46 54 
2 39 16 
2 28 9 
1 19 
2 45 31 
2 57 53 
2 11 59 
2 52 56 
2 29 3 
2 13 33 
2 54 52 
2 37 26 
2 53 4 
2 27 8 
2 48 49 
2 40 37 
2 21 55 
2 7 23 
2 43 12 
2 41 18 
2 59 51 
2 14 42 
2 58 36 
2 19 2 
2 42 48 
2 4 46 
2 32 47 
2 25 21 
2 1 6 
2 47 11 
2 9 25 
2 44 29 
2 31 34 
2 56 28 
2 55 41 
2 5 14 
2 35 10 
2 36 39 
2 34 24 
1 24 
2 6 57 
2 30 7 
2 20 17 
2 15 22 
2 10 20 
2 26 44 
2 17 43 
2 50 15 
2 2 32 
2 16 30 
376 798 290 44 167 218 312 380 414 908 515 623 723 98 88 973 982 847 84 571 74 613 821 992 467 170 827 722 322 200 951 705 725 95 477 713 878 877 852 61 676 175 468 169 487 770 895 333 770 858 640 192 551 321 394 652 372 161 645 
59
2 8 22 
2 10 17 
2 20 10 
2 57 6 
2 19 21 
2 4 58 
2 42 15 
2 26 1 
2 33 45 
2 3 2 
2 40 20 
2 15 13 
2 12 32 
2 16 52 
2 7 12 
2 48 14 
2 2 29 
2 39 50 
2 38 5 
2 11 3 
2 5 23 
2 1 46 
1 21 
2 55 35 
2 32 44 
2 47 8 
2 45 55 
2 31 39 
2 17 33 
2 49 47 
2 37 28 
2 13 25 
2 29 9 
2 44 43 
2 24 37 
2 52 51 
2 35 31 
2 51 19 
2 28 18 
2 53 11 
2 54 48 
1 7 
2 34 53 
2 25 34 
2 9 27 
2 22 57 
2 30 26 
2 41 16 
2 50 30 
2 18 49 
2 36 38 
2 14 36 
2 43 40 
2 59 41 
2 27 24 
2 58 59 
2 46 4 
2 6 56 
2 56 54 
169 914 717 840 704 131 652 134 591 779 560 925 466 638 431 60 941 643 345 446 429 116 481 134 643 540 673 332 821 828 339 727 263 976 805 422 41 246 845 599 682 207 72 658 275 350 393 744 981 398 770 176 38 851 286 533 414 885 570 
59
2 33 51 
2 37 22 
2 18 7 
1 45 
2 50 24 
2 8 49 
2 3 32 
2 13 6 
2 17 54 
2 45 31 
2 30 28 
2 28 50 
2 35 8 
2 24 59 
2 52 55 
2 58 46 
2 47 9 
2 55 3 
2 29 26 
2 36 43 
2 42 53 
2 2 57 
1 25 
2 5 14 
2 34 23 
2 19 41 
2 54 36 
2 11 12 
2 57 19 
2 31 11 
2 10 30 
2 7 56 
2 56 1 
2 49 25 
2 40 13 
2 27 20 
2 53 2 
2 51 47 
2 46 52 
2 48 35 
2 26 58 
2 59 21 
2 20 44 
2 43 48 
2 4 10 
2 16 39 
2 38 17 
2 44 40 
2 6 34 
2 12 5 
2 1 38 
2 39 15 
2 21 37 
2 9 27 
2 15 18 
2 32 33 
2 22 29 
2 41 16 
2 14 42 
170 954 615 631 868 690 247 617 456 108 415 590 331 37 951 259 127 904 986 413 761 295 163 746 674 335 769 972 973 944 98 861 829 573 942 425 424 428 387 62 798 858 586 714 907 677 480 429 212 877 953 976 944 947 972 728 354 632 430 
59
2 38 2 
2 1 44 
2 13 48 
2 50 42 
2 58 43 
2 40 46 
2 10 57 
2 46 18 
2 33 58 
2 36 7 
2 18 33 
2 57 49 
2 17 3 
2 27 28 
2 42 26 
2 26 55 
2 29 13 
2 8 11 
2 54 56 
2 23 37 
2 41 51 
2 49 29 
2 30 20 
2 44 27 
2 39 36 
2 15 16 
2 24 14 
2 14 35 
2 22 17 
2 45 23 
2 51 34 
2 43 50 
2 11 9 
2 31 39 
1 28 
2 25 10 
2 20 59 
2 53 1 
2 34 25 
2 48 6 
2 47 21 
2 4 15 
2 5 32 
2 2 24 
2 52 30 
2 6 8 
1 41 
2 3 40 
2 12 22 
2 32 4 
2 21 31 
2 56 45 
2 59 38 
2 55 19 
2 16 54 
2 19 52 
2 7 12 
2 9 5 
2 37 53 
658 862 476 612 302 56 775 917 431 536 895 541 800 541 455 843 75 839 26 852 311 214 798 789 311 695 381 134 288 663 583 4 259 361 387 731 804 126 737 782 403 83 186 745 377 204 594 902 274 273 541 118 696 281 246 167 626 566 637 
77
2 77 19 
2 19 75 
2 16 67 
2 9 54 
2 27 39 
2 17 41 
2 8 40 
2 63 7 
2 40 4 
2 23 37 
2 75 74 
2 68 51 
2 66 36 
2 76 16 
2 39 57 
2 14 3 
2 20 6 
2 26 31 
2 1 2 
2 65 17 
2 70 58 
2 29 48 
2 56 10 
2 50 53 
2 36 50 
2 44 18 
2 67 5 
2 53 34 
2 58 22 
2 69 71 
2 18 59 
2 35 66 
2 59 72 
2 28 55 
2 49 32 
2 13 25 
2 10 76 
2 72 56 
2 5 15 
2 7 9 
2 6 68 
2 73 47 
2 46 69 
2 45 26 
2 47 44 
2 61 43 
2 42 45 
2 22 61 
2 54 35 
2 25 24 
2 12 63 
2 71 73 
2 24 28 
2 4 49 
2 77 34 
2 38 23 
2 15 62 
2 21 29 
2 31 33 
2 64 65 
2 48 46 
2 57 64 
2 51 8 
2 62 60 
2 60 20 
2 32 13 
2 3 27 
2 41 12 
2 43 30 
2 74 21 
2 30 52 
2 33 38 
2 52 42 
2 11 70 
2 2 11 
2 37 14 
2 55 1 
573 857 918 254 313 264 276 698 106 720 180 438 918 218 180 847 172 64 843 175 471 404 268 910 201 709 139 511 452 330 355 21 60 856 655 101 412 4 58 404 235 549 152 603 591 647 850 221 508 44 52 566 859 116 211 908 738 469 656 223 932 607 483 817 934 998 439 779 908 83 424 157 838 312 51 207 92 
77
2 58 5 
2 67 8 
2 10 40 
2 23 34 
2 1 56 
2 38 58 
2 18 48 
2 2 52 
2 48 59 
2 15 3 
2 40 25 
2 35 69 
2 46 26 
2 54 53 
2 71 10 
2 20 61 
2 75 21 
2 21 7 
2 32 33 
2 56 16 
2 17 18 
2 64 42 
2 26 4 
2 76 31 
2 11 74 
2 13 23 
2 51 41 
2 49 36 
2 77 35 
2 50 76 
2 24 68 
2 70 19 
2 19 77 
2 4 73 
2 29 12 
2 47 28 
2 42 66 
2 57 6 
2 41 55 
2 3 11 
2 27 39 
2 22 37 
2 52 62 
2 60 75 
2 68 54 
2 55 13 
2 66 36 
2 7 9 
2 28 57 
2 62 30 
2 63 27 
2 8 43 
2 14 65 
2 45 14 
2 39 46 
2 5 20 
2 49 38 
2 6 1 
2 9 64 
2 74 44 
2 16 67 
2 43 50 
2 72 51 
2 59 22 
2 53 72 
2 37 47 
2 61 2 
2 31 45 
2 12 71 
2 73 32 
2 69 15 
2 65 63 
2 34 70 
2 25 60 
2 44 17 
2 30 24 
2 33 29 
34 24 96 739 455 282 545 928 230 861 321 402 394 463 275 729 850 155 692 195 738 940 874 736 915 634 439 345 62 36 664 746 732 470 587 990 896 489 996 773 663 966 246 515 350 620 791 626 788 771 206 571 19 979 976 382 675 374 420 409 7 500 632 970 641 714 403 902 836 152 227 647 120 481 316 686 668 
77
2 54 64 
2 15 22 
2 7 11 
2 50 25 
2 34 14 
2 72 18 
2 16 3 
2 73 28 
2 66 27 
2 55 40 
2 3 67 
2 67 71 
2 31 62 
2 43 5 
2 32 2 
2 36 7 
2 75 60 
2 6 70 
2 41 52 
2 25 75 
2 48 56 
2 2 36 
2 65 42 
2 47 32 
2 4 20 
2 33 68 
2 9 63 
2 8 58 
2 62 69 
2 46 50 
2 49 13 
2 24 15 
2 60 26 
2 68 5 
2 43 47 
2 22 16 
2 76 45 
2 64 66 
2 70 76 
2 10 74 
2 44 19 
2 23 46 
2 14 35 
2 51 41 
2 37 51 
2 42 30 
2 35 24 
2 71 21 
2 59 31 
2 30 4 
2 45 44 
2 19 65 
2 69 77 
2 58 1 
2 63 10 
2 21 57 
2 56 59 
2 28 54 
2 57 49 
2 17 33 
2 77 73 
2 13 29 
2 27 55 
2 1 38 
2 52 23 
2 38 9 
2 11 12 
2 26 34 
2 29 53 
2 18 39 
2 12 48 
2 74 6 
2 61 8 
2 40 72 
2 20 17 
2 39 37 
2 53 61 
175 468 245 796 131 63 760 313 937 530 587 609 284 874 940 794 586 410 568 535 522 76 735 394 304 116 266 426 410 181 152 429 112 851 270 905 908 428 726 129 805 397 146 170 157 408 843 281 396 784 399 688 773 589 550 591 450 876 944 13 636 549 268 728 733 646 868 473 980 498 213 485 947 753 895 984 586 
77
2 20 31 
2 3 57 
2 28 2 
2 30 36 
2 39 40 
2 11 77 
2 70 26 
2 18 22 
2 43 49 
2 16 74 
2 36 6 
2 19 48 
2 42 34 
2 37 71 
2 49 53 
2 54 10 
2 26 72 
2 46 8 
2 31 12 
2 23 1 
2 24 75 
2 8 68 
2 69 20 
2 64 21 
2 50 70 
2 7 17 
2 57 61 
2 63 3 
2 60 47 
2 73 4 
2 1 19 
2 62 52 
2 35 66 
2 13 54 
2 38 33 
2 4 11 
2 59 14 
2 52 35 
2 72 5 
2 5 46 
2 53 55 
2 77 13 
2 44 9 
2 74 43 
2 65 73 
2 40 18 
2 29 65 
2 12 51 
2 9 15 
2 58 25 
2 48 67 
2 38 32 
2 15 41 
2 34 16 
2 41 58 
2 61 59 
2 2 27 
2 55 50 
2 56 37 
2 76 29 
2 27 56 
2 71 32 
2 68 28 
2 66 24 
2 47 45 
2 33 64 
2 51 76 
2 22 63 
2 75 23 
2 25 7 
2 14 62 
2 17 39 
2 45 30 
2 10 44 
2 21 69 
2 67 60 
2 6 42 
776 363 861 819 531 613 369 308 34 551 149 812 729 818 935 331 5 916 849 640 707 740 477 153 701 425 650 870 475 608 147 393 36 847 134 80 914 721 984 710 497 519 286 146 116 668 470 944 529 807 92 231 600 437 174 158 213 876 847 480 249 637 315 574 39 158 958 10 133 209 411 823 589 706 240 995 39 
77
2 4 72 
2 45 22 
2 20 14 
2 6 1 
2 49 52 
2 63 4 
2 76 18 
2 37 15 
2 29 21 
2 18 61 
2 75 19 
2 13 37 
2 57 12 
2 3 50 
2 8 49 
2 24 53 
2 26 76 
2 7 10 
2 11 48 
2 25 3 
2 9 67 
2 2 68 
2 48 42 
2 69 16 
2 40 20 
2 27 17 
2 31 26 
2 74 71 
2 51 9 
2 52 36 
2 60 27 
2 36 51 
2 62 56 
2 70 39 
2 58 60 
2 30 32 
2 12 8 
2 64 77 
2 34 54 
2 44 25 
2 67 64 
2 23 63 
2 73 47 
2 40 68 
2 54 2 
2 55 75 
2 43 59 
2 19 23 
2 15 5 
2 14 73 
2 32 29 
2 5 30 
2 16 65 
2 39 45 
2 56 46 
2 33 55 
2 66 13 
2 65 35 
2 47 69 
2 35 31 
2 10 62 
2 61 33 
2 42 6 
2 41 38 
2 53 58 
2 72 57 
2 21 41 
2 22 44 
2 59 24 
2 71 34 
2 28 70 
2 1 66 
2 50 43 
2 77 28 
2 46 11 
2 17 7 
2 38 74 
602 525 385 468 563 34 590 110 86 439 892 337 959 107 596 18 619 386 862 836 918 417 791 536 84 348 67 296 296 289 781 750 116 342 265 397 983 610 756 494 807 120 324 590 276 986 470 411 314 749 649 408 312 776 114 926 348 511 317 684 233 232 100 712 194 889 292 666 637 337 136 646 401 857 169 831 929 
77
2 5 32 
2 24 35 
2 6 64 
2 54 77 
2 70 1 
2 49 3 
2 16 75 
2 53 47 
2 75 62 
2 33 49 
2 31 76 
2 59 67 
2 43 31 
2 46 28 
2 71 58 
2 7 63 
2 69 40 
2 44 36 
2 61 25 
2 41 51 
2 42 50 
2 77 69 
2 35 66 
2 32 2 
2 19 73 
2 62 70 
2 34 42 
2 14 65 
2 66 59 
2 50 45 
2 13 11 
2 1 24 
2 51 10 
2 68 27 
2 2 23 
2 18 39 
2 74 46 
2 45 41 
2 36 60 
2 17 53 
2 38 20 
2 27 21 
2 47 13 
2 72 18 
2 30 38 
2 37 14 
2 8 43 
2 76 68 
2 10 6 
2 21 30 
2 20 33 
2 67 55 
2 40 8 
2 58 4 
2 52 56 
2 55 74 
2 73 63 
2 15 54 
2 29 12 
2 39 71 
2 64 19 
2 9 26 
2 57 16 
2 3 61 
2 28 72 
2 23 29 
2 12 52 
2 48 34 
2 22 17 
2 26 5 
2 60 15 
2 65 44 
2 25 57 
2 56 37 
2 7 9 
2 11 48 
2 4 22 
371 555 283 973 728 848 736 921 855 69 138 762 122 351 732 998 295 147 709 262 497 653 981 462 640 998 972 137 293 758 328 416 863 478 274 840 74 988 959 43 795 959 293 923 22 313 16 556 466 116 512 429 127 780 511 660 946 999 779 606 277 439 945 496 489 217 574 305 49 376 620 99 570 411 974 481 200 
77
2 27 16 
2 17 49 
2 6 5 
2 19 44 
2 3 32 
2 29 3 
2 42 68 
2 34 41 
2 61 34 
2 44 74 
2 55 48 
2 35 19 
2 23 60 
2 76 73 
2 31 22 
2 1 51 
2 63 2 
2 22 57 
2 12 4 
2 26 71 
2 57 56 
2 15 18 
2 38 13 
2 59 67 
2 28 52 
2 40 20 
2 33 1 
2 64 25 
2 69 6 
2 52 70 
2 71 15 
2 5 37 
2 54 27 
2 9 8 
2 51 12 
2 46 69 
2 32 75 
2 74 23 
2 47 66 
2 50 26 
2 8 47 
2 45 7 
2 60 59 
2 4 10 
2 77 42 
2 70 36 
2 41 39 
2 11 54 
2 2 77 
2 75 40 
2 16 35 
2 25 30 
2 66 58 
2 48 33 
2 65 11 
2 21 61 
2 18 21 
2 53 73 
2 43 24 
2 13 43 
2 56 9 
2 76 63 
2 62 17 
2 67 28 
2 72 55 
2 39 53 
2 24 64 
2 7 72 
2 36 29 
2 30 46 
2 20 31 
2 68 65 
2 58 14 
2 10 38 
2 37 50 
2 14 62 
2 49 45 
200 991 582 113 230 320 416 747 354 168 115 837 973 59 306 703 536 48 864 28 272 581 400 888 420 352 45 112 46 517 839 592 991 967 73 396 74 622 478 262 660 600 816 549 753 287 979 829 285 923 928 975 777 534 599 343 277 835 291 96 487 326 279 488 26 12 154 123 744 366 838 25 210 361 978 542 498 
77
2 21 44 
2 48 47 
2 59 12 
2 32 64 
2 70 38 
2 52 15 
2 56 34 
2 58 30 
2 67 35 
2 45 67 
2 49 39 
2 3 23 
2 64 28 
2 77 29 
2 6 54 
2 40 43 
2 72 57 
2 66 59 
2 39 65 
2 29 56 
2 75 1 
2 74 48 
2 12 51 
2 36 33 
2 57 73 
2 28 70 
2 44 42 
2 13 26 
2 14 20 
2 8 60 
2 51 53 
2 55 4 
2 24 45 
2 7 61 
2 9 46 
2 73 24 
2 69 68 
2 77 5 
2 11 19 
2 62 16 
2 68 52 
2 27 66 
2 16 74 
2 1 27 
2 33 10 
2 35 50 
2 2 58 
2 22 2 
2 63 11 
2 46 76 
2 23 31 
2 41 6 
2 31 55 
2 15 62 
2 53 32 
2 20 7 
2 17 25 
2 47 8 
2 18 3 
2 30 75 
2 34 71 
2 54 40 
2 76 49 
2 4 13 
2 19 69 
2 42 18 
2 10 9 
2 37 41 
2 65 37 
2 26 5 
2 61 72 
2 71 17 
2 25 36 
2 43 22 
2 60 21 
2 50 63 
2 38 14 
3 783 660 767 879 107 324 9 252 93 70 607 669 220 693 706 718 282 942 469 477 536 376 809 431 843 656 418 94 519 292 16 338 413 475 560 488 779 221 331 362 802 633 207 923 965 539 285 951 940 701 937 750 152 839 249 335 519 878 765 513 728 465 51 677 926 759 609 157 793 535 284 926 893 417 649 723 
77
2 66 39 
2 61 23 
2 73 28 
2 10 64 
2 26 49 
2 50 72 
2 75 63 
2 28 19 
2 48 55 
2 35 4 
2 68 43 
2 57 40 
2 43 41 
2 49 18 
2 45 76 
2 66 54 
2 18 22 
2 14 17 
2 8 51 
2 74 56 
2 31 33 
2 17 24 
2 2 68 
2 22 29 
2 77 32 
2 58 5 
2 34 52 
2 3 8 
2 24 60 
2 47 71 
2 32 21 
2 25 31 
2 21 44 
2 36 27 
2 46 10 
2 72 34 
2 52 45 
2 63 50 
2 64 1 
2 12 74 
2 13 48 
2 76 58 
2 11 13 
2 33 59 
2 37 15 
2 62 35 
2 70 30 
2 41 9 
2 5 14 
2 38 6 
2 19 61 
2 27 37 
2 69 70 
2 16 73 
2 9 65 
2 20 75 
2 67 12 
2 42 26 
2 44 62 
2 29 77 
2 51 2 
2 59 46 
2 7 38 
2 4 39 
2 55 69 
2 1 16 
2 71 57 
2 23 11 
2 65 53 
2 53 47 
2 30 67 
2 6 36 
2 54 3 
2 40 20 
2 56 7 
2 15 42 
2 60 25 
50 874 505 845 84 133 859 975 789 928 769 852 625 726 917 617 425 273 311 482 638 383 644 762 526 626 128 281 264 947 519 765 242 848 892 270 912 552 39 430 102 970 666 803 504 506 285 298 900 319 520 317 207 66 390 261 293 551 441 584 283 116 303 861 680 974 756 266 23 545 658 95 405 180 844 767 790 
77
2 65 43 
2 15 18 
2 50 68 
2 68 37 
2 76 48 
2 28 71 
2 17 21 
2 77 69 
2 58 59 
2 43 19 
2 26 27 
2 66 52 
2 34 64 
2 20 17 
2 29 2 
2 36 29 
2 14 7 
2 2 53 
2 10 73 
2 67 14 
2 7 40 
2 70 67 
2 53 25 
2 33 41 
2 23 39 
2 75 11 
2 11 36 
2 37 6 
2 16 15 
2 69 44 
2 57 61 
2 40 45 
2 51 24 
2 13 44 
2 64 63 
2 27 16 
2 4 28 
2 54 76 
2 25 72 
2 21 32 
2 24 62 
2 73 60 
2 1 10 
2 30 34 
2 32 49 
2 47 66 
2 61 46 
2 5 74 
2 45 58 
2 60 3 
2 74 33 
2 12 70 
2 18 23 
2 55 38 
2 71 54 
2 59 75 
2 62 31 
2 49 9 
2 9 56 
2 42 50 
2 31 47 
2 41 57 
2 35 65 
2 13 35 
2 63 1 
2 46 12 
2 22 20 
2 3 4 
2 8 30 
2 52 22 
2 6 55 
2 39 77 
2 19 42 
2 48 51 
2 56 26 
2 38 5 
2 72 8 
974 886 111 496 573 399 657 753 435 132 651 380 580 675 546 328 15 3 62 329 75 325 301 643 466 673 526 36 230 705 416 111 649 891 25 719 521 377 283 368 37 665 450 153 71 240 556 149 719 252 841 773 710 584 638 448 306 252 109 497 928 21 659 585 328 801 268 640 325 729 747 372 142 257 559 925 763 
77
2 34 43 
2 63 55 
2 23 56 
2 58 64 
2 74 28 
2 38 9 
2 60 30 
2 57 16 
2 6 45 
2 11 41 
2 40 10 
2 48 26 
2 50 23 
2 22 48 
2 49 47 
2 8 22 
2 46 70 
2 66 67 
2 59 62 
2 28 76 
2 72 39 
2 16 14 
2 13 3 
2 35 71 
2 62 65 
2 12 31 
2 69 54 
2 5 20 
2 75 37 
2 7 66 
2 26 61 
2 37 63 
2 43 44 
2 54 1 
2 65 24 
2 77 59 
2 29 32 
2 39 6 
2 21 38 
2 44 11 
2 10 52 
2 73 51 
2 1 33 
2 33 40 
2 9 75 
2 53 17 
2 15 72 
2 14 12 
2 67 15 
2 61 13 
2 42 53 
2 41 68 
2 51 46 
2 27 34 
2 2 69 
2 3 74 
2 64 8 
2 68 4 
2 36 19 
2 70 7 
2 31 50 
2 19 25 
2 32 2 
2 4 57 
2 25 35 
2 30 18 
2 18 49 
2 52 58 
2 55 27 
2 17 60 
2 73 24 
2 47 21 
2 71 42 
2 56 5 
2 45 29 
2 20 77 
2 76 36 
143 508 937 153 338 261 149 436 533 731 579 988 482 687 641 991 553 78 922 598 959 452 411 333 254 770 764 395 319 735 433 191 282 946 864 9 369 38 421 181 734 92 422 442 281 72 554 616 109 792 453 348 395 751 905 825 760 363 472 987 717 83 175 769 848 197 668 497 926 954 111 753 600 202 582 655 81 
77
2 43 47 
2 20 10 
2 73 41 
2 68 42 
2 53 62 
2 63 25 
2 69 40 
2 71 30 
2 12 66 
2 2 38 
2 18 31 
2 50 9 
2 70 48 
2 28 53 
2 51 22 
2 38 17 
2 16 67 
2 11 23 
2 40 33 
2 47 2 
2 22 29 
2 15 21 
2 18 24 
2 23 65 
2 6 59 
2 55 45 
2 44 68 
2 46 14 
2 21 61 
2 8 76 
2 49 11 
2 57 72 
2 19 44 
2 41 57 
2 60 75 
2 62 60 
2 59 46 
2 10 16 
2 76 52 
2 7 19 
2 3 34 
2 4 71 
2 74 1 
2 33 27 
2 26 58 
2 37 28 
2 1 20 
2 13 74 
2 72 31 
2 64 12 
2 75 15 
2 39 54 
2 14 5 
2 52 56 
2 77 26 
2 54 64 
2 34 32 
2 45 69 
2 25 37 
2 36 35 
2 29 73 
2 5 36 
2 66 6 
2 56 50 
2 24 70 
2 9 63 
2 17 77 
2 27 4 
2 58 7 
2 65 13 
2 42 8 
2 32 49 
2 61 3 
2 48 43 
2 35 51 
2 30 39 
2 67 55 
302 750 231 612 704 817 815 481 907 377 670 417 86 993 627 366 907 564 889 601 280 171 606 922 672 820 317 17 313 538 592 22 219 7 219 902 542 191 609 85 604 169 15 942 297 803 225 994 216 661 94 616 619 818 224 691 161 579 525 449 904 715 569 877 557 682 80 172 841 394 67 622 125 27 743 170 253 
77
2 55 35 
2 54 56 
2 44 8 
2 30 62 
2 18 72 
2 23 47 
2 32 50 
2 3 26 
2 28 66 
2 50 49 
2 35 61 
2 52 41 
2 68 73 
2 31 15 
2 14 30 
2 36 65 
2 34 27 
2 63 5 
2 71 55 
2 43 38 
2 25 36 
2 70 69 
2 39 6 
2 58 37 
2 42 21 
2 8 67 
2 17 31 
2 64 9 
2 60 51 
2 15 4 
2 27 14 
2 40 7 
2 73 75 
2 46 17 
2 1 11 
2 21 16 
2 24 54 
2 20 77 
2 49 23 
2 32 65 
2 12 58 
2 57 25 
2 69 20 
2 51 3 
2 66 59 
2 74 34 
2 6 74 
2 76 53 
2 10 39 
2 7 10 
2 29 44 
2 67 12 
2 48 57 
2 37 2 
2 19 1 
2 2 63 
2 53 42 
2 41 24 
2 45 76 
2 61 29 
2 11 60 
2 4 68 
2 56 18 
2 72 28 
2 16 40 
2 9 45 
2 26 52 
2 62 13 
2 22 43 
2 75 22 
2 77 19 
2 5 64 
2 13 33 
2 47 46 
2 33 70 
2 59 48 
2 38 71 
919 447 303 134 291 324 953 741 565 71 792 23 435 229 135 803 893 364 34 879 902 977 638 836 992 787 456 767 645 495 155 971 463 166 108 399 765 949 943 532 424 870 480 53 972 196 511 204 12 322 239 785 332 510 190 695 585 168 649 151 723 837 612 509 431 982 107 17 388 327 492 205 361 652 966 675 785 
77
2 33 34 
2 77 45 
2 6 62 
2 69 41 
2 36 13 
2 8 3 
2 59 47 
2 31 6 
2 72 65 
2 14 30 
2 67 70 
2 21 24 
2 5 72 
2 60 10 
2 38 19 
2 58 35 
2 29 57 
2 71 20 
2 15 23 
2 18 66 
2 66 12 
2 28 44 
2 19 40 
2 12 77 
2 45 55 
2 42 36 
2 64 60 
2 47 22 
2 75 17 
2 10 59 
2 46 8 
2 35 43 
2 76 1 
2 71 1 
2 16 32 
2 26 5 
2 50 64 
2 54 15 
2 56 46 
2 23 73 
2 4 74 
2 73 26 
2 32 67 
2 22 48 
2 2 25 
2 39 31 
2 7 28 
2 44 56 
2 52 50 
2 49 37 
2 63 61 
2 57 49 
2 70 63 
2 68 38 
2 25 75 
2 48 39 
2 17 52 
2 74 16 
2 30 7 
2 27 14 
2 51 68 
2 3 69 
2 53 51 
2 37 27 
2 9 76 
2 20 21 
2 43 11 
2 61 54 
2 62 4 
2 11 53 
2 34 18 
2 13 9 
2 40 42 
2 41 58 
2 55 29 
2 65 33 
2 24 2 
345 437 79 296 953 848 966 792 821 247 712 870 607 746 727 457 234 38 937 574 454 216 613 734 960 729 30 665 291 173 965 518 935 73 479 445 872 954 364 506 177 460 947 5 492 389 218 793 23 444 323 65 56 755 276 960 244 748 68 714 865 853 31 63 890 192 875 249 492 170 816 725 803 893 223 516 361 
77
2 16 59 
2 20 44 
2 44 40 
2 10 28 
2 29 31 
2 22 26 
2 52 47 
2 51 43 
2 56 11 
2 73 4 
2 9 52 
2 26 36 
2 18 77 
2 47 60 
2 71 55 
2 72 1 
2 31 33 
2 63 13 
2 24 30 
2 50 2 
2 58 61 
2 33 6 
2 49 27 
2 76 19 
2 40 46 
2 6 12 
2 23 74 
2 4 71 
2 64 5 
2 19 68 
2 5 17 
2 53 65 
2 17 22 
2 62 35 
2 34 66 
2 12 58 
2 70 67 
2 39 57 
2 54 38 
2 3 25 
2 61 56 
2 68 49 
2 8 75 
2 2 3 
2 74 50 
2 25 72 
2 7 14 
2 75 64 
2 42 23 
2 45 20 
2 67 8 
2 11 7 
2 60 32 
2 77 39 
2 15 63 
2 41 9 
2 38 76 
2 36 21 
2 1 70 
2 14 53 
2 21 41 
2 69 34 
2 55 18 
2 48 29 
2 32 69 
2 35 73 
2 51 37 
2 30 42 
2 65 62 
2 59 37 
2 28 15 
2 46 16 
2 66 10 
2 27 45 
2 43 48 
2 57 24 
2 13 54 
892 373 990 888 334 788 242 886 572 523 827 325 780 408 216 909 905 797 343 856 449 952 949 558 955 246 873 237 570 815 790 202 363 482 754 336 352 570 443 448 164 42 253 903 437 978 952 565 501 635 821 61 71 88 607 217 844 298 226 68 173 834 518 283 699 448 595 410 96 554 910 993 631 635 155 369 491 
77
2 2 64 
2 22 1 
2 77 54 
2 23 15 
2 11 32 
2 10 33 
2 69 48 
2 20 72 
2 57 30 
2 64 6 
2 29 5 
2 18 57 
2 16 18 
2 40 56 
2 4 49 
2 41 13 
2 44 73 
2 13 12 
2 59 74 
2 37 8 
2 56 42 
2 42 2 
2 39 4 
2 50 77 
2 26 39 
2 33 25 
2 74 63 
2 47 51 
2 46 11 
2 9 45 
2 76 70 
2 5 76 
2 6 26 
2 67 68 
2 54 52 
2 73 53 
2 49 20 
2 58 50 
2 25 23 
2 55 14 
2 61 16 
2 21 22 
2 75 61 
2 71 17 
2 30 71 
2 53 29 
2 72 28 
2 7 62 
2 15 37 
2 38 24 
2 28 67 
2 35 55 
2 36 46 
2 3 35 
2 52 40 
2 14 21 
2 12 9 
2 70 38 
2 66 19 
2 68 69 
2 43 41 
2 48 66 
2 27 65 
2 1 10 
2 63 75 
2 62 59 
2 34 51 
2 34 60 
2 60 7 
2 31 58 
2 45 44 
2 8 47 
2 17 36 
2 19 27 
2 65 43 
2 32 31 
2 24 3 
339 718 62 452 416 909 918 109 28 756 844 563 251 71 891 212 637 394 249 57 495 253 975 379 772 608 567 174 471 321 843 953 905 269 515 778 943 126 929 899 945 443 131 281 932 248 168 582 902 989 355 869 628 55 631 43 452 472 928 835 409 53 677 381 3 756 183 204 954 144 782 828 460 915 927 258 263 
77
2 8 41 
2 60 47 
2 65 49 
2 37 76 
2 44 19 
2 33 18 
2 77 24 
2 67 1 
2 31 35 
2 45 54 
2 32 70 
2 20 75 
2 35 44 
2 40 22 
2 21 53 
2 25 30 
2 43 20 
2 6 52 
2 5 46 
2 17 12 
2 59 15 
2 14 39 
2 68 36 
2 7 45 
2 63 16 
2 51 29 
2 61 28 
2 27 62 
2 26 50 
2 16 51 
2 71 9 
2 57 11 
2 47 6 
2 54 37 
2 9 13 
2 65 23 
2 34 4 
2 55 66 
2 22 67 
2 75 14 
2 1 69 
2 48 71 
2 73 17 
2 13 5 
2 24 10 
2 19 58 
2 2 33 
2 64 42 
2 3 55 
2 29 57 
2 30 26 
2 18 73 
2 15 77 
2 10 34 
2 49 38 
2 58 74 
2 50 32 
2 46 56 
2 62 21 
2 74 2 
2 72 27 
2 28 59 
2 69 25 
2 76 48 
2 36 3 
2 38 72 
2 39 8 
2 70 23 
2 41 63 
2 11 68 
2 42 31 
2 66 61 
2 52 43 
2 56 60 
2 12 40 
2 4 64 
2 53 7 
592 520 787 814 104 738 291 996 17 645 375 304 664 644 217 472 256 646 866 789 209 771 56 981 375 762 58 734 991 833 432 953 381 491 75 520 407 434 600 629 938 678 492 269 334 10 618 536 360 109 572 750 594 465 631 47 515 198 985 408 310 323 244 646 637 781 642 64 550 955 400 902 619 4 18 940 82 
77
2 55 36 
2 71 68 
2 46 58 
2 73 66 
2 33 11 
2 37 63 
2 54 30 
2 16 70 
2 75 37 
2 52 39 
2 5 42 
2 76 62 
2 31 57 
2 22 26 
2 74 17 
2 59 8 
2 15 45 
2 39 24 
2 41 50 
2 61 40 
2 67 31 
2 29 14 
2 45 33 
2 18 44 
2 42 59 
2 14 43 
2 47 75 
2 44 56 
2 57 22 
2 7 77 
2 21 13 
2 70 76 
2 23 5 
2 64 73 
2 62 61 
2 1 52 
2 9 6 
2 68 74 
2 10 18 
2 20 54 
2 19 71 
2 11 25 
2 26 46 
2 24 28 
2 17 23 
2 43 3 
2 60 27 
2 72 67 
2 63 69 
2 69 19 
2 65 55 
2 36 10 
2 58 64 
2 40 7 
2 51 1 
2 28 72 
2 13 29 
2 3 53 
2 25 16 
2 66 47 
2 35 20 
2 12 35 
2 6 49 
2 53 34 
2 77 51 
2 4 60 
2 48 21 
2 2 38 
2 49 50 
2 8 32 
2 41 2 
2 56 48 
2 34 4 
2 38 15 
2 27 9 
2 32 12 
2 30 65 
61 642 315 550 954 790 395 873 480 784 353 245 234 898 150 822 228 828 920 142 238 328 356 277 586 569 515 908 870 656 604 681 172 498 641 702 65 478 744 797 350 757 146 747 446 401 280 933 751 396 59 217 706 952 456 671 488 524 736 207 455 383 50 491 666 956 303 815 999 367 463 904 604 979 784 723 600 
77
2 68 25 
2 49 32 
2 57 60 
2 30 47 
2 35 33 
2 54 22 
2 69 38 
2 77 52 
2 46 59 
2 68 18 
2 14 29 
2 19 44 
2 52 24 
2 71 11 
2 67 23 
2 59 26 
2 28 36 
2 41 10 
2 58 12 
2 55 49 
2 53 70 
2 6 65 
2 15 43 
2 13 76 
2 1 27 
2 16 77 
2 25 58 
2 65 17 
2 11 37 
2 62 4 
2 73 71 
2 2 62 
2 5 42 
2 45 48 
2 72 5 
2 17 55 
2 29 61 
2 7 74 
2 64 67 
2 75 64 
2 43 18 
2 33 46 
2 23 41 
2 12 72 
2 74 34 
2 42 9 
2 4 57 
2 34 51 
2 20 2 
2 51 63 
2 48 50 
2 8 13 
2 61 21 
2 63 6 
2 36 20 
2 66 75 
2 47 3 
2 27 19 
2 9 16 
2 3 73 
2 37 53 
2 32 30 
2 50 54 
2 40 39 
2 22 28 
2 70 56 
2 39 15 
2 10 1 
2 76 7 
2 21 66 
2 31 14 
2 44 35 
2 60 31 
2 38 45 
2 56 40 
2 24 69 
2 26 8 
381 469 745 100 72 90 716 542 696 675 825 906 282 620 238 628 523 262 111 352 128 515 960 723 770 137 397 97 454 715 32 694 733 932 800 348 987 617 719 339 7 700 88 466 887 822 190 859 480 298 895 281 201 571 390 21 644 881 670 913 412 882 620 22 192 899 490 82 500 2 816 859 725 575 193 727 488 
77
2 12 67 
2 46 61 
2 50 24 
2 25 30 
2 16 9 
2 32 8 
2 71 12 
2 6 10 
2 5 66 
2 8 59 
2 19 62 
2 7 1 
2 23 57 
2 34 16 
2 38 42 
2 14 5 
2 65 68 
2 40 37 
2 33 11 
2 43 38 
2 57 41 
2 42 63 
2 70 13 
2 3 64 
2 53 4 
2 55 53 
2 49 74 
2 72 75 
2 64 71 
2 4 36 
2 37 43 
2 73 6 
2 45 19 
2 67 14 
2 55 69 
2 30 44 
2 18 31 
2 20 15 
2 63 50 
2 62 18 
2 21 54 
2 15 22 
2 31 20 
2 36 65 
2 48 33 
2 58 2 
2 66 49 
2 61 45 
2 47 27 
2 39 3 
2 68 60 
2 74 72 
2 26 25 
2 41 77 
2 35 26 
2 59 58 
2 13 21 
2 56 46 
2 10 56 
2 51 73 
2 2 48 
2 11 40 
2 22 39 
2 24 29 
2 44 17 
2 9 47 
2 1 34 
2 17 51 
2 77 35 
2 76 23 
2 29 7 
2 52 28 
2 60 32 
2 27 52 
2 28 76 
2 75 70 
2 54 69 
898 566 297 535 437 541 609 237 543 216 749 713 80 556 742 94 230 502 109 613 116 2 50 739 722 158 298 125 123 424 50 118 272 757 202 343 750 454 128 283 318 14 798 990 77 935 109 653 489 968 385 128 858 973 344 385 110 276 905 172 88 874 282 234 600 3 583 210 240 785 549 924 583 710 843 17 33 
100
2 66 72 
2 44 37 
2 25 92 
2 23 56 
2 20 89 
2 94 60 
1 35 
2 28 98 
2 56 33 
1 17 
2 63 23 
2 50 62 
2 96 39 
2 43 90 
2 85 94 
1 78 
2 10 34 
2 51 24 
2 71 51 
1 5 
2 84 83 
2 31 81 
2 11 4 
2 18 54 
2 48 3 
2 34 44 
2 70 32 
2 60 8 
1 93 
2 87 100 
2 86 22 
2 27 49 
2 9 93 
2 17 26 
2 52 7 
2 83 88 
2 2 99 
1 63 
2 13 53 
2 64 67 
2 42 84 
2 46 41 
2 72 14 
2 26 2 
2 79 46 
2 45 42 
2 73 77 
2 100 25 
2 32 52 
2 69 12 
2 19 18 
2 49 35 
2 39 58 
2 86 24 
2 82 73 
2 4 9 
2 58 64 
2 53 57 
2 91 66 
2 6 28 
2 67 96 
2 12 97 
2 38 11 
2 57 40 
2 76 91 
2 59 1 
2 40 61 
2 75 85 
1 50 
2 89 27 
2 81 19 
2 1 43 
2 55 47 
2 92 95 
2 98 68 
1 65 
1 47 
2 99 16 
2 88 45 
2 95 87 
2 22 71 
2 97 55 
2 36 21 
2 41 21 
2 68 15 
2 54 31 
2 30 80 
2 36 79 
2 5 70 
1 14 
2 65 59 
2 3 74 
2 33 29 
2 6 15 
2 74 80 
2 13 61 
2 62 82 
2 8 75 
2 37 78 
2 30 48 
658 165 697 229 997 758 406 74 835 481 276 320 434 943 680 409 991 803 501 164 430 702 582 727 304 841 726 269 362 794 557 707 690 984 365 664 543 274 268 676 622 54 624 482 884 494 986 835 245 957 561 830 666 409 880 194 988 845 807 770 199 174 9 391 687 157 618 202 393 52 810 828 791 978 214 635 220 618 95 693 287 296 216 72 81 256 529 94 508 547 189 778 873 768 39 680 453 74 683 771 
100
2 18 36 
2 31 20 
2 14 38 
2 49 17 
2 50 90 
2 78 21 
2 56 9 
2 24 33 
2 93 7 
1 26 
2 83 39 
2 83 70 
1 92 
2 70 3 
2 89 60 
2 96 29 
2 4 59 
2 29 1 
2 22 39 
2 2 45 
2 6 49 
2 38 19 
2 86 82 
2 37 8 
1 98 
2 10 88 
1 55 
2 30 96 
2 16 18 
1 28 
2 51 2 
2 63 52 
2 40 8 
2 35 66 
2 45 34 
2 1 73 
2 65 24 
2 3 22 
2 19 11 
2 33 71 
2 52 97 
2 54 72 
2 88 89 
2 71 53 
2 20 35 
2 85 58 
2 81 94 
1 62 
2 4 21 
2 56 5 
2 92 31 
2 32 41 
2 44 57 
2 95 42 
2 80 27 
2 7 50 
2 53 65 
2 84 46 
2 17 76 
2 15 80 
2 99 69 
2 48 79 
2 67 32 
2 84 87 
2 57 37 
1 34 
2 72 63 
2 76 91 
2 61 77 
2 12 14 
2 40 44 
2 42 67 
2 36 75 
2 79 99 
1 73 
2 59 68 
2 69 98 
2 91 6 
2 62 74 
2 60 55 
2 90 47 
2 23 100 
2 11 12 
2 58 64 
2 100 46 
2 87 23 
2 64 86 
2 26 43 
2 43 15 
2 5 81 
2 68 78 
2 13 51 
2 94 9 
2 47 93 
1 54 
2 28 16 
1 41 
2 77 25 
2 74 61 
2 82 85 
154 913 304 583 827 349 714 750 675 527 120 785 381 460 905 489 494 469 995 387 906 47 199 429 881 488 183 322 931 341 250 742 294 681 194 641 924 450 995 265 714 71 68 922 690 579 570 736 289 81 334 166 854 567 513 567 70 716 80 599 58 504 100 84 259 842 516 983 244 73 544 481 543 559 40 215 457 965 319 880 540 484 603 428 321 217 572 280 934 530 180 196 241 832 640 407 120 176 724 640 
100
2 24 69 
1 75 
2 26 60 
2 95 59 
2 17 81 
1 55 
2 33 61 
2 34 68 
2 12 13 
1 23 
2 15 64 
2 90 9 
2 9 23 
2 71 33 
2 49 11 
2 39 48 
2 54 5 
2 52 49 
2 22 45 
2 36 92 
1 36 
2 31 19 
2 13 10 
2 58 1 
2 73 88 
2 79 3 
2 99 29 
1 45 
1 27 
2 41 85 
2 72 22 
2 55 70 
2 14 7 
2 95 8 
2 75 76 
2 21 20 
2 89 96 
2 62 84 
2 68 16 
2 86 44 
2 81 30 
2 60 94 
2 53 56 
2 40 99 
2 19 28 
2 69 51 
2 83 93 
2 16 87 
2 18 15 
2 66 98 
2 46 63 
2 65 18 
2 96 43 
2 98 17 
2 6 32 
2 43 67 
2 84 71 
2 77 24 
2 87 4 
2 42 3 
2 7 91 
2 91 38 
2 51 80 
2 11 74 
2 97 52 
2 85 50 
2 56 83 
2 8 39 
2 1 46 
2 32 86 
2 14 57 
2 76 31 
2 100 25 
1 64 
2 2 35 
2 35 72 
2 78 58 
2 80 77 
2 88 26 
2 78 63 
2 41 5 
1 97 
2 67 47 
2 38 57 
2 30 66 
2 70 40 
2 48 59 
2 25 79 
1 37 
2 92 12 
2 61 62 
2 20 90 
1 47 
2 42 100 
2 4 34 
2 37 53 
2 82 65 
2 50 54 
2 44 27 
2 94 73 
423 92 636 523 193 319 150 196 552 474 514 34 180 746 73 665 420 419 255 192 412 562 573 492 58 40 316 853 646 342 158 833 359 560 716 90 82 248 282 98 556 481 737 883 481 442 103 692 602 54 925 122 804 598 335 654 244 832 599 283 133 125 199 798 805 753 247 426 301 473 278 555 663 491 633 685 20 359 868 910 622 528 202 461 911 473 435 647 201 120 376 105 232 101 765 685 1000 759 966 314 
100
2 26 15 
2 56 93 
2 37 91 
2 78 100 
1 43 
2 11 75 
2 49 8 
1 7 
2 71 55 
2 79 81 
2 53 6 
2 81 41 
2 16 19 
2 61 84 
2 1 86 
2 21 13 
2 74 27 
2 20 73 
2 13 72 
2 18 68 
2 66 16 
2 62 70 
1 71 
2 63 99 
2 40 79 
2 87 1 
2 17 90 
2 46 82 
2 80 64 
2 42 88 
2 92 38 
2 86 53 
2 97 44 
2 51 69 
2 94 62 
2 39 92 
2 82 3 
2 31 95 
2 76 36 
2 60 25 
1 12 
2 50 30 
2 5 60 
2 72 33 
2 57 56 
1 28 
2 77 61 
2 58 52 
2 59 7 
2 54 42 
2 58 34 
2 90 48 
2 32 11 
2 93 50 
2 9 77 
2 45 2 
2 88 45 
2 48 51 
2 91 49 
2 43 40 
2 47 14 
2 35 22 
2 95 24 
2 29 67 
2 100 89 
2 83 21 
2 64 85 
2 96 20 
2 34 74 
2 22 80 
2 23 9 
2 19 44 
2 18 78 
2 69 17 
1 6 
2 99 39 
2 55 47 
2 73 4 
2 25 10 
2 70 29 
2 10 12 
2 28 37 
2 97 66 
2 14 98 
1 67 
2 15 32 
1 26 
2 57 30 
2 65 96 
2 27 52 
2 3 59 
2 36 31 
2 2 54 
1 35 
2 38 63 
2 89 68 
2 33 83 
1 84 
2 76 24 
2 4 65 
293 163 907 677 140 84 131 738 699 573 950 632 117 356 113 149 546 787 115 720 699 693 561 78 579 702 90 740 698 53 234 363 741 735 303 375 364 772 838 907 682 675 758 475 749 285 913 402 574 842 781 634 978 108 29 960 235 934 256 266 11 557 466 244 731 383 964 786 304 943 421 889 106 404 232 686 185 879 84 240 984 158 264 515 314 682 634 968 299 393 789 555 843 673 333 609 897 805 596 799 
100
2 58 42 
2 41 56 
2 15 78 
2 99 39 
2 69 34 
2 39 17 
2 16 61 
2 57 44 
2 11 86 
2 54 52 
2 90 9 
2 42 88 
2 59 95 
2 60 71 
2 3 53 
2 97 7 
2 6 45 
2 100 55 
2 80 76 
1 99 
2 26 98 
2 73 69 
2 52 28 
2 51 67 
2 85 96 
2 33 21 
2 64 89 
2 23 29 
2 28 67 
2 45 87 
2 98 58 
2 48 47 
2 26 88 
2 5 81 
1 43 
2 94 41 
2 72 92 
1 87 
2 4 6 
2 66 75 
2 36 2 
2 1 12 
2 89 35 
2 8 65 
2 17 30 
2 78 94 
2 62 32 
2 75 32 
2 82 59 
1 85 
2 24 74 
2 10 23 
2 56 15 
2 74 10 
1 18 
2 2 53 
2 84 8 
2 31 1 
2 49 13 
2 63 14 
2 7 91 
2 47 80 
1 60 
2 65 27 
2 44 64 
2 76 40 
2 29 24 
2 79 90 
2 22 5 
2 81 100 
2 14 72 
2 71 37 
1 22 
2 51 54 
2 40 48 
2 19 66 
2 92 83 
2 3 46 
2 96 68 
2 62 19 
2 34 70 
2 49 91 
2 77 93 
1 57 
2 50 25 
1 9 
2 30 38 
2 12 33 
2 27 43 
2 68 11 
2 61 82 
2 37 77 
1 83 
2 46 36 
2 13 97 
2 25 79 
2 95 16 
2 21 31 
2 20 4 
2 70 18 
37 565 853 813 904 993 814 158 700 994 813 242 732 848 206 421 281 267 980 954 701 199 442 51 571 86 763 733 816 773 318 924 541 141 330 198 276 821 367 7 195 702 390 429 185 563 900 231 542 932 92 702 973 549 549 669 664 682 408 111 314 508 303 218 876 197 630 697 330 703 851 174 393 719 358 882 321 583 826 910 497 194 188 586 567 737 138 257 804 68 706 466 260 746 421 177 824 993 381 638 
100
2 21 61 
2 97 88 
2 71 15 
2 28 22 
2 55 11 
2 85 43 
2 98 32 
2 52 89 
2 35 48 
2 26 91 
2 5 80 
2 62 19 
2 49 37 
2 99 64 
2 3 26 
2 38 73 
1 23 
2 51 82 
2 12 76 
2 100 70 
2 77 1 
2 4 92 
2 17 86 
2 95 66 
2 86 60 
2 15 10 
2 45 83 
2 41 4 
2 43 36 
2 92 78 
1 67 
2 7 72 
1 36 
2 40 45 
2 42 9 
2 29 33 
2 13 44 
2 39 16 
1 38 
2 60 34 
2 66 28 
2 90 35 
2 6 29 
2 37 56 
2 34 27 
2 73 52 
2 49 57 
2 9 53 
2 47 13 
2 96 100 
2 56 18 
2 46 8 
2 48 99 
2 89 81 
2 76 5 
2 44 51 
2 82 47 
2 91 65 
2 94 98 
2 25 40 
2 1 74 
2 79 12 
2 69 71 
1 14 
2 58 69 
2 24 41 
2 31 84 
2 80 79 
2 65 63 
2 20 77 
2 63 3 
2 93 32 
2 16 46 
2 61 96 
1 90 
2 19 55 
2 70 21 
1 30 
2 62 68 
2 11 68 
1 54 
2 18 57 
1 27 
2 67 87 
2 87 6 
2 23 25 
2 84 85 
2 2 94 
2 8 54 
2 75 42 
2 58 10 
2 22 30 
2 72 97 
2 88 59 
1 24 
2 74 50 
2 93 2 
2 59 7 
2 53 14 
2 20 50 
187 651 836 594 650 486 987 958 690 975 248 928 554 608 271 151 254 668 215 527 975 541 711 984 256 457 749 141 290 883 777 96 264 11 155 357 664 542 94 947 270 211 584 899 755 867 662 777 238 335 915 35 93 83 374 54 742 329 705 870 577 804 225 28 903 991 67 566 65 679 33 989 237 247 29 227 260 306 450 814 986 726 998 916 308 68 286 624 968 246 336 350 483 57 314 136 313 381 11 309 
100
2 13 98 
2 97 64 
2 99 63 
2 90 39 
2 10 17 
2 54 74 
2 20 57 
2 19 15 
2 28 36 
2 21 5 
2 67 99 
1 29 
2 1 57 
2 70 75 
2 8 83 
2 24 88 
2 5 18 
2 17 82 
2 98 8 
2 83 7 
2 91 10 
2 53 71 
2 67 40 
2 85 16 
2 87 56 
1 48 
2 50 45 
2 63 9 
2 12 38 
2 62 50 
2 74 41 
2 95 70 
2 38 59 
2 49 65 
2 47 46 
2 9 40 
2 69 58 
2 29 33 
2 4 52 
2 36 23 
2 42 31 
2 41 90 
2 92 47 
2 93 53 
2 27 100 
2 35 60 
2 43 35 
2 79 26 
2 76 34 
2 30 27 
2 71 97 
2 39 54 
2 44 22 
2 52 6 
2 69 60 
2 25 76 
2 7 13 
2 37 92 
2 33 85 
2 46 55 
1 82 
2 68 30 
2 3 28 
2 2 94 
2 34 79 
1 68 
2 23 11 
2 66 62 
2 55 37 
2 32 14 
2 22 51 
2 84 91 
2 77 86 
2 6 31 
2 14 81 
2 56 49 
1 73 
1 88 
2 65 48 
2 100 89 
1 75 
2 18 61 
2 15 20 
1 72 
2 59 24 
2 73 96 
1 25 
2 16 78 
1 80 
2 42 4 
2 72 21 
2 58 43 
2 94 44 
2 64 93 
2 96 32 
2 86 95 
2 2 51 
2 1 19 
2 11 3 
2 45 80 
51 79 559 842 955 318 745 857 116 616 710 3 521 12 310 781 830 590 97 319 138 694 379 272 305 209 273 191 210 140 61 523 807 114 195 915 546 821 268 9 873 831 659 572 719 608 614 802 128 729 244 192 332 575 802 615 799 866 947 443 589 906 514 515 332 348 332 402 157 94 202 961 704 378 365 441 330 40 980 928 645 413 753 795 298 268 613 735 347 15 592 50 712 616 9 976 882 4 898 914 
100
2 42 95 
1 15 
2 76 59 
2 55 16 
2 78 12 
2 20 9 
2 72 39 
2 31 41 
2 28 6 
2 33 50 
2 77 45 
2 5 88 
2 66 85 
2 71 19 
2 88 2 
2 4 26 
2 98 80 
2 85 87 
2 14 57 
2 6 74 
1 96 
2 87 38 
2 57 86 
2 43 77 
2 75 66 
2 16 96 
2 56 28 
2 27 9 
2 48 32 
2 93 70 
2 54 8 
1 29 
2 61 10 
2 69 97 
2 53 51 
2 38 75 
1 40 
2 36 22 
2 7 62 
2 37 90 
2 83 8 
2 90 1 
2 81 24 
2 59 81 
2 11 76 
2 89 67 
1 58 
2 79 29 
2 95 82 
2 10 72 
2 35 91 
2 83 99 
1 35 
2 67 31 
2 91 4 
2 70 27 
2 19 23 
2 82 47 
2 3 44 
2 68 65 
2 33 63 
2 39 100 
2 100 61 
2 65 94 
2 60 64 
2 25 13 
2 46 54 
1 60 
2 73 34 
2 30 56 
2 97 14 
2 50 7 
1 69 
2 20 93 
2 36 25 
2 45 3 
2 24 11 
2 84 5 
2 92 48 
2 17 84 
2 43 44 
2 49 58 
2 41 52 
2 80 78 
2 13 18 
1 23 
2 18 22 
2 12 15 
2 99 46 
2 40 42 
2 51 55 
2 94 79 
2 74 30 
2 64 92 
2 1 49 
2 26 21 
2 34 71 
1 17 
2 52 89 
2 62 63 
136 782 245 124 82 842 421 838 908 163 505 269 294 617 389 624 539 509 943 348 582 632 156 775 308 449 281 198 665 238 114 145 724 616 716 508 802 671 912 734 372 729 298 125 286 777 664 637 645 969 587 453 625 242 473 97 592 59 625 163 240 515 232 857 656 433 796 987 256 444 358 21 312 729 198 634 986 998 992 795 13 960 100 177 531 300 529 151 25 987 315 569 460 148 416 972 772 906 63 641 
100
2 91 98 
2 22 79 
1 47 
2 83 35 
2 78 81 
2 60 88 
2 79 30 
2 42 58 
2 35 66 
2 81 62 
2 69 29 
2 98 16 
2 87 96 
2 50 27 
2 59 96 
2 12 73 
1 76 
2 89 56 
1 46 
2 91 28 
2 48 69 
2 100 2 
2 61 43 
2 33 92 
2 45 38 
2 41 100 
2 14 47 
2 70 20 
2 11 50 
1 7 
2 99 33 
2 66 72 
2 31 24 
2 97 51 
2 4 9 
2 92 88 
2 39 93 
2 25 68 
2 74 37 
2 85 75 
2 76 26 
2 62 8 
1 23 
2 58 77 
2 25 67 
2 51 19 
2 27 3 
1 21 
2 72 71 
2 29 14 
2 34 46 
2 60 99 
2 93 61 
2 94 86 
2 68 89 
2 18 95 
2 64 74 
2 8 44 
2 15 84 
2 6 52 
2 53 23 
2 10 42 
1 71 
1 57 
2 82 97 
2 9 32 
2 95 45 
2 38 55 
2 21 11 
2 80 28 
2 49 63 
2 32 49 
2 16 80 
2 57 39 
2 40 82 
2 17 41 
2 44 78 
2 77 5 
2 2 7 
2 73 70 
2 10 5 
2 75 65 
1 4 
2 59 94 
1 40 
2 54 90 
2 90 13 
2 36 6 
2 55 18 
2 86 87 
2 20 1 
2 24 36 
2 37 53 
2 84 54 
2 56 67 
2 13 15 
2 65 34 
2 1 12 
2 52 31 
2 26 22 
138 856 706 925 993 127 379 481 967 610 733 938 817 647 511 404 836 926 931 754 580 610 628 932 493 349 499 495 762 820 396 841 326 8 578 553 151 655 56 467 723 317 347 306 57 22 970 289 151 786 610 754 232 604 260 611 500 917 91 448 285 222 747 934 371 809 419 113 992 480 792 839 826 261 223 774 320 524 240 561 263 176 121 798 137 293 853 869 972 665 610 6 826 666 263 48 812 449 660 507 
100
2 94 39 
2 12 53 
2 60 88 
1 37 
2 49 34 
2 56 42 
2 52 48 
2 96 41 
2 59 33 
2 67 18 
2 51 30 
2 35 2 
2 80 96 
2 89 37 
2 84 79 
2 32 40 
2 47 80 
2 10 55 
2 73 85 
2 62 87 
1 41 
2 33 45 
2 98 66 
2 65 76 
1 57 
2 91 52 
2 39 68 
2 54 89 
2 40 60 
2 11 31 
2 56 30 
2 74 16 
2 22 9 
2 5 62 
2 69 12 
2 87 71 
2 14 4 
2 45 70 
2 1 27 
2 29 16 
2 8 21 
2 6 78 
2 85 97 
2 46 51 
2 22 38 
2 78 44 
2 57 17 
2 7 98 
2 5 50 
2 92 49 
2 44 11 
2 26 7 
2 2 67 
2 58 28 
1 18 
2 31 6 
2 25 47 
2 79 54 
2 99 9 
2 29 3 
2 73 83 
2 34 20 
2 75 74 
2 72 91 
2 97 24 
1 23 
2 53 10 
2 27 86 
2 95 35 
2 38 77 
2 36 92 
1 64 
2 61 19 
2 63 32 
2 88 63 
2 24 83 
2 70 82 
2 42 46 
2 15 58 
2 17 13 
1 94 
2 77 99 
2 76 61 
1 15 
2 19 43 
2 68 90 
2 20 36 
2 3 75 
2 28 14 
2 86 93 
2 64 26 
2 71 50 
2 90 100 
2 81 1 
1 69 
2 13 8 
2 43 65 
2 48 23 
2 82 59 
1 93 
423 742 124 956 936 349 503 102 1000 195 810 551 610 861 616 67 83 193 795 558 38 447 406 788 814 372 333 311 511 156 546 808 313 165 192 712 105 791 741 262 813 544 622 907 281 701 761 594 524 856 246 444 584 72 767 570 983 172 222 339 654 711 342 201 508 316 337 244 525 351 415 748 948 418 970 913 29 626 291 247 140 945 387 166 892 773 383 518 660 446 700 156 155 813 833 687 277 195 565 930 
100
1 11 
2 94 73 
1 92 
2 78 18 
2 64 14 
2 24 9 
2 95 32 
2 62 64 
2 6 19 
2 42 80 
2 1 62 
2 21 15 
2 68 57 
2 5 93 
2 12 83 
2 81 23 
2 74 88 
2 4 38 
2 9 77 
2 25 84 
2 44 12 
2 68 69 
2 16 45 
1 6 
2 43 20 
2 61 75 
2 35 86 
2 41 42 
2 67 76 
1 54 
2 52 36 
2 7 96 
2 53 40 
2 85 90 
2 90 27 
2 56 31 
2 52 41 
2 18 71 
2 91 72 
2 33 82 
2 37 28 
2 28 10 
2 45 25 
2 71 21 
2 23 43 
1 51 
2 57 48 
2 47 94 
2 89 58 
2 96 99 
2 75 46 
2 31 37 
1 33 
2 30 81 
2 97 67 
2 80 36 
2 13 47 
2 49 70 
2 93 65 
2 66 100 
2 77 26 
2 11 8 
2 86 91 
2 8 5 
1 59 
2 79 60 
2 55 29 
2 22 13 
2 73 22 
2 58 97 
2 44 38 
2 39 85 
2 2 69 
2 98 17 
2 26 51 
2 29 87 
2 19 61 
2 83 4 
2 92 66 
2 10 56 
2 54 16 
2 40 95 
2 15 78 
1 20 
2 72 34 
2 27 63 
2 76 89 
1 17 
2 49 87 
2 34 35 
2 39 63 
2 3 79 
2 14 59 
2 48 2 
2 82 7 
2 32 50 
2 70 55 
2 100 74 
1 50 
2 60 98 
316 330 621 512 635 808 680 457 854 743 812 463 768 985 388 276 974 449 532 111 658 69 965 420 806 852 354 564 686 956 961 730 995 922 63 5 330 978 118 548 576 757 150 573 77 320 333 464 553 251 31 164 63 922 508 348 374 256 134 711 599 716 704 697 116 453 513 985 194 123 593 475 954 111 348 677 687 876 11 251 549 357 744 994 75 740 611 240 916 344 841 746 242 918 219 645 813 509 613 739 
100
2 75 84 
1 71 
2 8 64 
2 87 38 
2 11 31 
2 47 7 
2 6 61 
2 71 3 
2 97 78 
2 26 24 
2 5 17 
2 49 36 
2 35 33 
2 53 32 
2 74 83 
2 60 27 
2 80 11 
2 93 94 
2 98 85 
2 45 54 
2 69 40 
2 96 93 
2 42 92 
2 10 28 
2 28 44 
2 37 10 
2 16 46 
2 24 25 
2 69 46 
2 72 34 
2 5 53 
2 14 68 
2 13 42 
2 30 37 
2 78 13 
1 12 
2 34 26 
2 59 4 
2 100 56 
2 21 58 
2 55 62 
2 33 23 
2 57 86 
2 72 25 
2 79 20 
2 27 29 
2 99 6 
1 79 
2 56 12 
2 82 96 
1 86 
2 67 89 
2 31 14 
2 20 63 
2 87 41 
2 39 49 
2 95 43 
2 40 91 
2 84 38 
2 91 16 
1 7 
2 41 75 
2 54 81 
2 3 95 
1 66 
2 65 98 
2 77 52 
2 32 90 
2 29 21 
1 88 
2 2 8 
2 44 30 
1 97 
2 94 15 
2 62 1 
2 81 88 
1 67 
2 9 35 
2 48 45 
2 90 17 
2 63 76 
2 83 50 
2 15 82 
2 1 59 
2 19 99 
2 43 51 
2 4 55 
2 76 70 
2 52 100 
2 68 80 
2 58 60 
1 23 
2 22 18 
2 74 18 
2 64 57 
2 50 22 
2 73 9 
2 66 19 
2 85 47 
2 89 39 
275 145 162 548 125 444 186 123 246 818 43 647 688 134 76 264 910 769 698 295 88 383 790 520 768 637 29 341 306 219 716 334 277 71 403 739 528 361 59 994 663 321 281 855 998 864 317 601 22 131 751 687 164 858 870 528 718 727 147 376 735 789 46 989 298 111 387 629 239 558 304 310 480 244 793 628 267 564 314 486 270 547 625 249 833 844 531 50 553 284 507 774 628 113 79 441 407 854 151 914 
100
2 28 33 
1 12 
2 67 44 
2 18 60 
2 7 13 
2 83 78 
2 70 5 
2 37 74 
2 24 23 
2 27 75 
2 12 47 
2 2 11 
2 5 72 
2 91 81 
2 68 19 
2 81 43 
2 47 35 
2 73 4 
2 15 52 
2 99 32 
2 31 92 
2 59 57 
2 9 90 
2 65 9 
2 74 30 
1 87 
2 56 10 
2 49 1 
2 61 39 
2 25 58 
2 85 21 
2 48 20 
2 65 1 
2 97 94 
2 17 84 
1 93 
2 86 8 
1 100 
2 40 29 
2 39 66 
1 83 
2 76 46 
1 16 
2 3 64 
2 82 98 
2 42 56 
2 11 17 
2 71 32 
2 95 28 
2 52 61 
1 76 
2 19 50 
1 54 
2 53 55 
2 54 79 
2 46 27 
2 22 67 
2 30 89 
1 22 
2 4 70 
2 50 29 
2 80 89 
2 92 71 
2 44 82 
2 33 24 
2 40 68 
2 57 3 
2 66 15 
2 78 91 
2 60 7 
2 63 48 
2 13 88 
2 18 88 
2 8 25 
2 10 100 
2 51 42 
2 94 87 
2 6 69 
2 55 97 
2 62 86 
2 14 16 
2 64 45 
2 41 6 
2 35 96 
2 99 31 
2 80 37 
2 77 26 
2 72 73 
2 58 62 
2 23 95 
2 69 14 
2 21 63 
2 96 36 
2 34 77 
2 90 49 
2 84 93 
2 79 34 
1 45 
2 20 85 
2 75 38 
952 757 271 359 360 307 960 83 384 518 65 983 543 154 344 650 853 608 657 362 120 156 939 43 162 748 698 896 219 510 822 243 948 447 179 668 643 884 958 53 295 788 660 745 328 454 684 862 28 325 802 1000 490 244 491 710 318 467 391 32 483 771 491 652 789 573 666 370 551 584 8 626 319 938 352 201 679 103 647 819 940 694 379 377 750 558 676 928 47 386 921 136 994 838 105 932 695 73 319 911 
100
2 34 21 
2 86 26 
2 45 59 
2 95 23 
2 7 73 
2 75 76 
2 58 5 
1 69 
2 61 92 
2 97 45 
1 66 
1 17 
2 79 90 
2 27 47 
1 62 
2 29 69 
2 81 12 
2 46 60 
2 39 31 
2 52 27 
2 67 1 
2 98 58 
2 4 55 
2 80 54 
2 77 70 
2 2 62 
2 20 14 
2 76 94 
2 94 16 
2 38 72 
2 19 41 
2 55 50 
2 36 35 
2 100 1 
2 72 33 
2 33 51 
2 54 65 
2 88 30 
1 19 
2 48 88 
2 31 99 
2 50 57 
2 71 44 
2 43 78 
2 3 10 
1 18 
2 14 97 
2 51 40 
2 87 95 
2 32 42 
2 36 48 
2 59 20 
2 96 84 
2 24 37 
2 23 32 
2 74 93 
2 42 87 
2 22 7 
2 3 52 
2 18 61 
2 60 9 
2 26 15 
2 70 82 
2 91 85 
2 37 100 
2 82 11 
2 21 80 
1 75 
2 16 8 
2 25 63 
2 85 43 
2 30 35 
2 5 89 
1 56 
2 68 6 
2 6 28 
2 90 25 
2 44 84 
1 13 
2 67 24 
2 83 17 
2 63 66 
2 92 81 
2 78 53 
2 64 71 
2 99 2 
2 49 57 
2 40 38 
1 73 
2 13 77 
2 96 64 
2 9 83 
2 56 98 
2 28 29 
2 49 4 
2 53 91 
2 47 10 
2 93 22 
2 41 86 
2 65 34 
781 679 393 778 809 255 382 152 774 159 906 993 47 227 996 789 827 95 439 494 307 808 48 6 961 231 145 841 213 578 45 562 463 408 196 252 537 781 396 601 366 726 284 84 921 737 773 392 631 811 818 625 311 170 756 968 220 980 639 191 79 408 792 872 74 708 214 110 457 712 244 393 994 993 338 814 62 284 945 503 424 421 347 33 324 184 255 108 114 930 212 479 218 548 408 979 113 480 944 643 
100
2 10 81 
2 6 21 
1 9 
2 77 19 
2 38 79 
2 2 17 
2 50 99 
2 65 86 
2 3 23 
1 1 
2 69 40 
2 25 30 
2 87 17 
2 57 18 
2 28 44 
2 24 90 
2 13 6 
2 14 39 
1 4 
2 64 71 
2 2 24 
2 52 61 
2 9 69 
2 21 16 
2 94 12 
1 95 
1 71 
2 39 15 
2 96 80 
2 12 92 
2 58 50 
2 70 98 
2 46 67 
1 37 
2 54 76 
2 40 77 
2 34 85 
2 97 5 
2 18 28 
2 11 36 
2 90 87 
2 56 64 
2 88 97 
2 47 15 
2 73 65 
2 75 33 
2 44 63 
2 91 75 
2 82 83 
2 31 7 
2 61 95 
2 68 22 
2 81 56 
2 89 35 
1 93 
2 53 42 
2 100 14 
2 86 31 
1 88 
2 92 74 
2 22 51 
2 84 66 
2 47 100 
2 42 20 
2 8 45 
1 62 
2 33 72 
2 85 52 
2 23 11 
2 32 89 
2 20 27 
2 67 78 
2 99 45 
2 96 60 
2 48 46 
2 35 82 
2 36 4 
2 72 93 
2 5 84 
2 29 94 
2 1 53 
2 76 49 
2 49 98 
2 79 62 
2 37 68 
2 8 58 
2 41 13 
2 59 43 
2 70 54 
2 16 41 
1 48 
2 30 60 
2 78 55 
2 80 25 
2 51 26 
2 74 29 
2 43 38 
2 83 32 
2 7 73 
2 63 57 
69 265 373 793 373 491 33 708 22 930 646 804 323 451 227 989 115 465 964 26 517 162 219 834 141 604 139 172 950 417 691 399 834 985 169 900 689 897 964 25 257 944 266 328 722 15 474 405 711 600 984 247 515 846 749 658 543 852 449 240 865 381 891 84 237 464 879 891 453 657 550 635 32 257 826 111 493 604 404 279 411 204 691 742 94 182 337 466 514 213 161 884 701 424 318 895 37 425 728 301 
100
2 7 70 
2 8 84 
2 27 24 
2 75 22 
2 20 52 
1 41 
2 11 1 
2 13 2 
1 72 
2 98 33 
2 69 7 
1 49 
2 8 48 
2 78 59 
2 83 39 
2 67 85 
2 94 40 
2 51 44 
2 37 80 
2 92 5 
2 84 68 
2 4 66 
2 85 37 
2 3 58 
2 39 87 
1 97 
2 95 3 
2 71 29 
2 28 77 
2 91 65 
2 76 98 
2 65 94 
2 10 49 
1 64 
2 97 53 
2 66 51 
2 19 23 
2 58 79 
2 15 25 
2 17 42 
2 44 6 
2 40 100 
2 68 90 
2 18 41 
2 72 95 
2 60 54 
2 100 91 
2 88 13 
2 33 12 
2 62 76 
2 36 18 
2 5 89 
2 35 78 
2 46 81 
1 62 
2 77 57 
2 56 60 
2 24 38 
2 14 82 
2 57 46 
1 74 
2 55 50 
2 80 96 
2 82 34 
2 30 32 
2 22 36 
2 93 16 
2 21 43 
2 89 11 
2 92 1 
2 28 81 
2 9 45 
1 86 
2 99 61 
1 4 
2 50 31 
2 29 56 
2 53 14 
1 38 
2 19 63 
2 54 71 
2 59 64 
2 86 15 
2 2 21 
2 16 23 
2 73 83 
2 25 99 
2 90 48 
2 52 69 
2 43 88 
2 47 30 
2 70 20 
2 96 67 
2 17 32 
2 45 27 
2 63 93 
2 26 35 
2 31 10 
2 87 74 
2 42 47 
710 12 678 137 75 279 736 970 3 449 25 314 119 340 629 907 620 674 222 801 149 579 670 50 575 727 510 576 927 241 542 100 103 879 748 71 355 655 173 132 418 169 586 33 869 428 156 112 362 42 947 497 156 934 86 312 164 298 603 52 348 306 185 624 686 722 855 798 328 522 425 578 580 839 509 23 331 203 165 454 344 737 154 157 451 97 471 504 67 23 743 845 240 475 751 859 888 852 470 714 
100
2 45 30 
2 3 23 
2 48 2 
2 35 14 
2 58 64 
2 38 62 
2 85 79 
2 80 95 
2 92 59 
2 88 17 
1 77 
2 68 21 
2 26 78 
2 4 40 
2 70 43 
2 61 52 
1 10 
2 69 29 
2 86 24 
2 33 82 
2 12 92 
2 36 35 
2 2 70 
2 19 89 
2 77 50 
2 67 13 
2 76 65 
2 55 31 
2 18 88 
2 1 76 
2 28 54 
2 37 73 
2 39 20 
2 72 48 
2 22 4 
1 22 
2 84 32 
2 42 6 
2 65 33 
2 14 84 
2 75 95 
2 78 38 
1 15 
2 96 90 
2 82 1 
2 59 87 
2 64 63 
2 34 3 
2 89 51 
2 25 55 
2 49 53 
2 16 69 
1 51 
2 31 99 
2 50 28 
2 97 58 
2 62 60 
2 56 5 
2 9 46 
2 67 57 
2 98 16 
2 6 57 
2 93 47 
2 5 47 
2 39 27 
1 72 
2 60 26 
2 91 12 
2 52 18 
2 23 15 
2 80 81 
2 66 34 
1 32 
2 83 97 
2 79 41 
2 30 27 
2 11 25 
2 13 42 
2 7 75 
2 8 71 
2 71 85 
2 20 45 
2 93 74 
2 40 37 
2 81 7 
2 90 19 
2 46 94 
2 29 10 
2 24 49 
2 44 86 
2 94 68 
2 9 21 
2 63 83 
2 87 91 
2 41 8 
1 44 
2 74 56 
1 61 
2 54 100 
1 99 
186 316 745 105 756 779 82 566 31 386 939 21 368 705 496 310 537 347 345 552 81 790 948 96 358 341 626 836 896 184 131 19 74 626 997 860 368 871 729 505 374 844 25 849 637 790 270 952 527 383 733 560 752 448 674 473 369 447 6 669 99 233 116 328 373 814 691 860 135 235 765 477 431 713 202 225 607 158 254 612 933 379 219 144 890 136 816 699 742 324 100 279 408 849 553 24 874 500 172 469 
100
2 79 48 
2 17 28 
2 25 45 
2 74 54 
2 92 52 
2 41 59 
2 23 65 
2 85 44 
2 83 100 
2 84 89 
2 14 97 
2 43 72 
2 58 43 
2 32 11 
2 91 30 
2 95 38 
2 46 2 
2 80 75 
2 73 35 
2 94 26 
2 71 73 
2 49 59 
2 52 7 
2 29 47 
2 3 87 
2 20 83 
2 96 63 
2 2 89 
1 24 
2 15 78 
1 40 
2 49 14 
2 76 94 
2 75 82 
2 19 88 
2 38 71 
2 72 42 
2 16 36 
2 90 62 
2 69 31 
2 77 6 
2 37 90 
2 13 12 
2 8 66 
2 86 3 
2 56 17 
2 24 60 
2 1 51 
2 22 32 
2 84 93 
1 48 
2 5 23 
2 67 99 
1 4 
2 60 64 
2 93 46 
2 66 86 
1 13 
2 6 22 
2 47 55 
2 82 70 
1 39 
2 27 91 
2 55 79 
2 7 98 
2 44 57 
2 53 98 
1 76 
2 78 40 
2 61 74 
2 36 21 
2 12 37 
2 21 19 
2 70 4 
2 18 34 
2 68 33 
2 97 41 
2 30 69 
2 64 1 
1 18 
1 100 
2 34 61 
2 26 9 
2 10 50 
2 87 8 
2 57 45 
2 25 85 
2 35 95 
2 28 10 
2 42 39 
2 63 15 
2 99 5 
2 50 56 
2 33 20 
2 16 88 
1 27 
2 11 77 
2 65 67 
2 53 92 
2 9 81 
895 47 568 400 342 136 890 436 911 127 217 951 95 748 972 46 667 45 687 935 559 890 358 567 920 79 285 612 423 909 196 585 627 811 100 391 221 705 280 445 371 649 856 873 214 291 353 140 89 833 671 993 970 266 118 500 900 959 101 53 845 574 926 90 434 187 501 270 552 373 395 790 661 364 872 214 646 802 903 894 617 635 221 150 301 443 395 896 33 361 605 875 787 87 483 585 462 731 695 464 
100
2 64 2 
2 1 87 
2 21 55 
2 73 83 
1 59 
2 17 65 
2 26 48 
2 43 70 
2 75 88 
2 100 47 
2 60 94 
2 23 98 
1 85 
2 87 84 
2 52 57 
2 29 40 
2 77 6 
2 57 29 
2 36 73 
2 56 41 
2 68 3 
2 40 61 
2 81 12 
2 31 32 
2 86 71 
2 70 7 
2 71 63 
2 69 96 
2 18 16 
1 82 
2 97 24 
2 24 67 
2 45 42 
1 97 
1 51 
2 58 19 
2 90 93 
2 67 60 
2 82 99 
2 16 22 
2 20 43 
2 33 54 
2 41 8 
2 55 81 
2 76 33 
1 74 
2 10 72 
2 62 7 
2 53 91 
2 85 86 
2 63 35 
2 66 15 
2 49 77 
2 42 92 
2 3 44 
2 62 20 
2 15 18 
2 89 36 
2 5 89 
2 38 11 
1 22 
2 48 56 
2 27 51 
2 79 1 
2 6 90 
1 52 
2 32 38 
2 95 21 
2 28 84 
2 8 26 
2 25 27 
2 47 76 
2 19 4 
2 80 46 
2 99 9 
2 72 45 
2 53 17 
1 83 
2 96 64 
2 88 74 
2 44 23 
2 30 39 
2 4 78 
2 14 69 
2 13 50 
2 50 25 
2 2 14 
2 9 80 
2 59 58 
2 65 37 
2 93 49 
2 54 100 
2 37 91 
1 11 
2 68 98 
2 28 79 
2 34 31 
2 12 95 
2 39 75 
2 10 92 
909 370 951 852 613 310 557 609 875 399 666 523 267 415 85 565 349 462 527 918 567 400 613 910 979 966 416 676 140 5 671 999 687 619 411 354 133 300 501 150 998 212 846 440 809 114 968 693 485 291 279 456 437 360 187 140 707 145 753 557 676 268 825 619 652 473 569 835 278 905 330 36 677 971 745 127 267 612 34 928 949 405 386 907 34 126 178 619 185 791 144 705 133 411 622 62 90 473 394 396 
100
2 55 57 
2 12 21 
2 6 70 
2 71 29 
2 7 73 
2 35 3 
2 5 75 
2 84 72 
2 70 97 
2 17 95 
2 54 21 
2 2 79 
2 35 95 
2 61 76 
2 59 42 
2 93 44 
2 97 10 
2 64 86 
2 92 82 
2 32 84 
2 11 2 
2 87 33 
2 74 40 
2 78 46 
2 33 55 
2 43 41 
1 49 
2 48 62 
2 4 59 
2 52 38 
2 47 32 
2 31 20 
2 22 25 
2 100 99 
2 13 6 
2 79 92 
1 77 
1 30 
2 77 96 
2 60 23 
2 26 88 
2 15 60 
2 56 26 
2 16 78 
2 62 68 
2 24 50 
2 58 31 
1 28 
2 72 27 
2 46 61 
2 83 64 
2 85 30 
1 63 
2 82 11 
2 25 1 
2 68 43 
2 1 100 
1 47 
2 29 15 
2 42 40 
2 50 14 
2 28 45 
2 53 89 
2 51 18 
2 90 85 
2 91 83 
2 94 98 
2 45 56 
2 75 94 
2 3 9 
2 74 4 
2 8 49 
2 80 5 
2 23 71 
2 7 69 
2 14 93 
2 37 39 
2 44 24 
2 12 36 
2 81 73 
2 98 80 
2 19 54 
2 66 51 
2 20 8 
2 65 52 
1 18 
1 22 
1 41 
2 63 91 
2 96 65 
2 89 66 
2 36 19 
2 16 76 
2 69 67 
2 10 13 
2 39 90 
2 9 17 
2 67 81 
1 34 
2 57 34 
187 65 308 775 93 448 669 516 126 802 990 181 293 57 215 354 814 449 563 562 132 565 128 4 637 881 317 500 303 963 792 405 465 617 106 585 176 126 664 404 553 315 874 631 547 141 839 412 352 556 491 796 892 756 735 982 3 743 669 787 522 125 269 862 145 484 998 787 232 832 337 170 419 883 675 864 855 854 990 652 870 940 926 890 724 581 514 659 849 230 540 352 212 770 605 598 416 697 92 74 
