1 3000000
2 12 4
2 6 8
1 1000000
1 999999
13 20 16 11 20 14 3 17 10 16 16 12 10 14
17 13 20 13 18 8 3 9 1 16 20 1 2 14 16 12 8 2
18 19 7 19 18 13 17 3 9 18 6 6 6 18 9 9 12 8 16
6 1 18 19 2 7 16
20 8 5 5 1 12 16 20 14 14 6 15 1 20 19 8 11 17 2 5 13
4 2 1 6 8
14 11 3 9 6 7 20 3 3 15 1 1 12 12 1
1 6
14 17 6 17 6 20 1 15 1 7 5 5 9 10 8
15 12 5 3 3 11 2 3 8 20 18 18 13 6 20 14
12 7 7 5 3 3 18 10 17 4 5 20 16
5 1 12 1 18 15
19 16 20 14 12 11 1 14 15 1 15 13 7 4 5 4 9 18 18 9
1 10
20 4 5 3 12 19 16 13 9 18 12 20 6 10 15 1 20 16 6 13 6
17 12 13 19 18 13 4 13 13 2 7 19 10 16 14 10 11 15
17 8 4 14 18 17 12 12 14 5 8 4 14 13 8 8 19 16
7 18 7 6 10 20 19 12
5 15 2 3 2 14
7 2 2 12 2 5 14 10
10 4 5 1 11 14 18 15 14 18 16
12 18 19 16 4 14 8 7 15 18 11 16 9
2 13 20
3 16 2 9
17 12 16 16 15 2 15 15 8 17 10 6 2 10 18 4 1 10
11 7 19 9 15 19 20 14 2 9 8 17
14 9 4 9 1 18 19 18 1 13 2 1 20 9 14
5 8 6 4 19 9
19 13 1 20 17 7 20 10 4 12 5 13 16 17 16 6 4 14 16 20
1 20
10 7 11 15 13 17 3 17 13 13 16
10 19 5 16 6 17 6 1 8 7 5
13 5 4 16 10 7 16 2 2 6 6 7 14 16
2 11 7
4 18 4 14 11
8 14 20 5 2 15 9 5 1
7 14 10 19 10 1 8 12
19 12 16 6 7 8 15 8 19 3 18 8 6 7 2 13 18 14 20 15
12 15 12 12 18 15 1 7 6 7 20 11 4
15 10 10 16 12 3 10 12 2 17 4 6 17 9 7 18
12 7 4 11 16 19 10 7 13 16 7 15 8
13 4 13 2 13 15 1 1 2 12 15 2 9 8
2 13 5
1 15
5 1 18 4 20 6
5 10 1 5 10 6
12 5 14 15 17 7 15 15 5 19 2 14 10
0
