2 3 1000000
2 10 1000000
2 19 1000000
2 12 2000000
2 6  3000000
4 12 1500000
2 3 1000
2 10 1000
2 19 1000
2 12 2000
2 6  3000
4 12 1500
9 9 51
7 12 56
2 12 56
4 12 56
3 12 56
1 1 2
1 2 3
3 5 6
5 6 2
5213 65221 56235
56234 5256 3241254
845621 522465 4654413
2241  415524 99999991
521254 55454 99999991
56        62        10000007
25635     459685    5623
251       365       965422
1024      1024      4096
648754    5654213   1024
5964215   1245632   100007
9999998   9888888   100007
9999999   9999999   1000007
10000000  10000000  1000007
9999997   9999997   9999991
65326452  56236541  52364542
99999997  99999999  10000007
523652    105236521 99999991
1052000   10056200  99999991
8560000   100000000 99999991
100000000 100000000 99999991
100000000 999999999 99999991
89545665  85623654  99999983
100000000 100000000 99999997
100000000 100000000 100000000
45212541  514246532 95645213
100000000 999999997 99999997
2 7 10000001
2 14 10000002
2 19 10000003
3 6 20000002
2 6  30000002
4 12 15000002
2 4 10002
2 10 10002
6 19 10002
22 122 20002
32 62  30002
42 122 15002
9 92 512
72 122 562
22 12 562
4 12 56
3 612 5886
1 1 288
12 2 38
32 52 268
5 62 28
5213 65221 56235
56222234 5256 32412554
8456231 55224565 45654413
22141  4155214 99999991
5211254 554514 99999991
516        612       10000007
25635     4591685    5623
2511       365       965422
1024      10214      4096
648754    56541213   1024
5964215   12451632   100007
9999998   9888888   100007
9999999   9999999   1000007
10000000  10000000  1000007
9999997   9999997   9999991
65326452  56236541  52364542
99999997  99999999  10000007
523652    105236521 99999991
1052000   10056200  99998991
8568000   100000000 99999991
100000000 100000000 9989991
100000000 999999999 99989991
89545665  85683654  99998983
100000000 100000000 99999997
100000000 100000000 100000000
45212541  514246532 95645213
100000000 999998997 99999897
0 0 0