997
0 0
0 1
0 345
1 1
1 2
1 345
11438 24281
17838 12101
2911 16535
5932 22193
24866 15898
28442 32197
20024 31761
12650 22731
9413 3127
1274 7018
9010 29826
278 22904
11728 13981
21567 27151
19390 27545
18474 227
27404 18400
18188 29138
12320 7018
17941 21181
21593 8755
14650 28567
22515 14572
29752 17595
2859 18928
7382 29571
12963 1659
4714 25878
19207 16406
28318 3969
12273 30294
884 4362
10762 27846
31368 5568
10355 23842
31126 15191
10595 6598
28731 26419
5649 13413
29440 17091
5588 31998
18324 21008
7304 27916
1625 22678
14389 21246
29986 82
25067 20966
32572 30492
22000 2421
28331 30263
14110 31271
19125 26663
390 31163
32677 8386
4185 19430
13257 23434
15113 13128
28093 29754
19883 3743
28651 3487
24736 22075
27987 6825
21364 3506
31624 32194
28422 32212
26107 12894
29417 19169
18044 13524
4619 15098
1790 7276
8852 16598
12443 7097
1297 7862
11224 23337
1746 13723
22057 25050
17296 21686
4280 175
19028 7456
11362 29604
2451 19915
22274 11614
18078 3001
28147 263
9274 31339
22992 7768
31882 14493
22398 5111
4662 5424
21101 19460
23750 4200
13338 14062
29775 32087
19673 6284
24658 22425
14801 11113
19937 8514
27720 3679
28931 23829
13857 12391
5466 30967
32674 11951
8707 15523
2683 22765
5310 4254
26116 20468
14415 12654
30919 29316
6692 8967
17214 3175
823 30854
16350 31673
30774 17441
1108 16520
1250 17246
2062 10909
22197 7044
13309 6552
27335 14927
8089 835
21234 12008
7974 13344
22068 3860
1846 32324
28758 15532
18800 19048
29899 8013
20111 16190
22747 9808
12718 29441
26881 9981
16578 23376
28049 27387
26216 28476
669 779
24801 12192
10010 12791
27226 2481
18239 964
13937 18389
17966 25903
26870 1209
19158 20312
27118 21661
21528 23480
15070 6387
22568 21592
12614 12841
29495 5189
14955 963
26959 19519
3161 32428
32638 32689
26665 9678
28726 19942
20864 16608
32500 23417
24408 12671
28448 28685
2563 7809
25140 7231
6764 27014
24865 31705
7841 8911
5359 26696
1934 28500
29347 12113
21515 5392
24165 8703
27930 8608
2530 4064
5993 24332
4592 625
7711 2789
8048 19670
6869 912
3961 17358
32481 24545
26291 12775
16859 9452
5120 23534
22874 3607
18018 10666
24063 7028
23065 18122
437 23118
8459 20507
15158 7170
2665 24830
19154 3856
28048 5402
31852 28274
31789 21070
19141 15149
8101 28393
18429 13349
17844 2078
28502 53
24660 7346
17468 15999
7392 16376
25218 28929
5753 30975
25583 30058
1961 8714
16121 43
16198 23616
720 19920
23705 27557
5278 32401
5824 3913
21005 20516
4945 10688
15627 10710
4160 19921
5322 11994
25859 882
10 19169
7923 22773
11418 27883
15606 5244
2076 25692
20059 6578
30218 5202
30981 22461
9974 28982
10956 21358
29974 31889
31264 8635
27135 13089
31215 26224
20913 8493
1225 11041
32468 4373
17219 8803
9281 2093
29081 11068
26564 1483
10391 10455
4640 14495
11705 636
84 7747
3729 24512
14877 16659
2921 29945
20924 2111
5418 29685
28921 19999
25212 29932
14184 12486
24623 27570
19947 20697
218 32049
21368 29346
12225 18711
1821 13664
27388 31692
21313 21729
18646 15527
7724 10579
27764 19553
970 22872
11703 26570
23723 29272
30818 17082
13903 23323
9856 12107
8353 21655
23040 17733
29889 32006
6563 7642
30982 2364
13592 30612
1604 10296
13413 22155
4682 17657
22152 29915
17327 6803
25438 5973
29391 20097
21701 6773
15376 1341
6909 19348
1898 9486
85 25183
10534 15137
28675 11912
32741 14044
9299 19900
13285 28527
4 32212
31616 10156
5870 24399
2293 1048
10729 15360
1387 10050
6635 9732
15667 26707
5744 759
24910 22503
2847 22375
559 1819
4266 26249
10177 17639
25846 31275
10924 17839
11900 26346
13013 26900
3823 8357
32547 4624
18718 29490
23177 17730
32285 13135
25153 390
17823 31707
341 1737
9639 19270
17764 32540
11616 5446
28835 15878
14152 7371
27938 2591
5780 10806
1361 9434
13265 29125
1474 1187
23751 15954
11312 29994
19362 13374
1985 4606
10580 16552
11912 20317
3893 2274
27726 1355
19436 28197
20114 12513
28563 31107
12750 24552
25366 17438
13308 31398
3804 12184
12377 24568
20203785 15475236
125950486 397764004
196128954 93330025
152447552 225492544
131148074 39315304
300355000 930664623
107231745 25900696
499558528 365949800
603393392 76420240
551312982 39634920
61016166 264673944
129141208 206486504
506138127 463095906
67206363 171943440
49957614 768864824
237058976 184025362
80571108 7570368
53589728 511567182
61204776 5858244
10575339 25645867
194846004 484683255
141236592 356677464
69530222 314778720
69126825 361864750
390770824 765543216
757567215 38621886
416159856 377132825
17474304 308938746
39521294 184983939
418738781 211564028
723827751 633832362
26639920 18704049
15399024 599407200
259890160 187985664
436035424 349055055
750307032 229431898
323154420 7757750
680797116 2100396
54700548 70631150
34170880 327538036
111129225 211113209
556648651 515850516
145569502 120255030
222917058 114930500
39417926 506248855
16016352 835807176
13843170 210080930
8202669 3625009
154062380 320263635
119032994 262955448
161518752 483661720
420148665 439427032
413038290 215421976
678330863 143524472
82473300 521853008
719890536 510979665
124104184 308039970
40314170 165071432
292077881 481631400
256301570 621159894
225793648 632539
136889828 386028517
188693620 477564768
74314954 234175920
248363856 232564977
45665024 32382827
160133962 113304388
401732352 26723151
518886368 666533296
68521904 461809964
231233720 425356940
101592218 850019720
455049000 265051800
374293500 12857460
420912180 252300828
14164365 351861935
83241964 852108844
167056318 683331558
258193240 131498213
189370431 127096352
350643820 185664527
412463280 157777704
631375455 563004870
848655360 227161000
50554944 124342767
398621930 1217749
335443176 278823051
646581962 11272365
980924385 27722970
446750640 476744722
50734754 154058004
229212151 306668544
174078828 396851400
413171631 14895240
530919036 571718364
49066392 182770956
782113027 111281030
46537270 405628630
109739110 328701360
36290570 326630896
575940148 450284978
104733181 49948843
138490528 341217838
12807795 13716826
124150359 511662666
51833100 30426452
606169616 131192784
79812348 91030201
214618245 278027100
95904404 63206374
310814408 40485420
217616124 145715040
15659780 73046820
399362314 120304998
201367725 357442876
97091892 931701694
436243194 394193304
163127895 655649190
200071333 88700832
387874246 756677414
352299698 101146647
328800686 258819967
85602832 46459476
26570744 264117966
32494140 526982466
93300970 52269825
109392398 4989946
5732304 891928428
62113649 37529800
18346448 115754434
586673886 265291689
428783580 86168994
230707575 54576966
252349428 138225960
484052296 172653724
85197920 128932458
327981150 148504384
294889515 783415368
278659160 6890130
197797119 204238432
199651240 141823636
51621138 572378230
172992320 248257662
78512472 354142
395768500 461822582
365747040 26368380
263329248 263637528
1203058 215853528
6204198 250134047
132345710 273095464
94465098 80869907
72704334 276836040
372027748 159239826
145955898 154459800
320099013 578326588
9509814 80000305
70321824 11691648
147812742 128239808
130255872 118588715
46673352 301513464
179573520 688268154
60675930 400751060
42678800 206268147
407447840 216315578
188184414 73020708
622575954 65906454
467853 765752922
126158746 387836610
225667932 113592376
198104016 24074334
57212298 143405370
222740945 477597456
150808320 46948680
968574896 110510028
90095 77762115
407121000 113493270
579942528 477515885
219120174 122742807
96882780 110175612
19951396 433499360
13305819 75550992
398580540 178843000
283302170 44685510
968502522 997018763
400597254 709430216
270149500 3761582
63618752 112365372
83730245 703386530
55353840 110242288
32116500 469558224
445551360 224896064
24066984 739089360
22595300 1986868
470242734 655876188
166339110 443545808
503148492 475116280
268089453 859442
145786541 935109954
3119780 515578162
304057377 61200000
13430944 617500296
884819342 408162816
53883774 86107840
43706014 920863395
403702168 260489356
232881318 3010572
71894460 155865435
276635398 646966380
469815148 192432688
38625104 239074220
250141331 125051456
22562058 233234320
681770635 26666055
238580700 217451250
751647712 87031392
426064485 66349536
54168060 402340257
167855093 144759114
200899902 189321860
49589070 457751509
386951698 220715088
342835449 317252692
606269088 904932678
638998794 44011240
245415228 112033208
13985012 187596894
325199742 160182760
33636488 566216511
511108615 108374148
101296328 546632248
201823828 144958086
163029609 68915532
142089390 518266354
721779945 201631927
8701615 211905523
87870002 686185825
15565046 113278312
353710194 130261832
28748512 800039080
354217500 397858272
353643444 18739537
237300446 264028668
34457349 77991282
101271248 476211735
20670583 90719664
133978800 108087234
23930712 102241530
203916160 899750800
496170441 6573945
211373064 10105188
437477871 410816087
105411195 103759650
467390104 140924850
159001799 654110280
792621270 207336208
215824925 392870866
31461798 73769613
4346530 297756704
58571775 347153730
21435096 123704010
586710976 310774620
244507452 581483060
220409355 323224184
221219100 143732999
219819702 207477328
343739856 171971461
42438036 455374068
187503633 738890240
16226125 414703872
350607400 479439744
58396055 63876384
37481137 224246853
20641258 380318922
60619200 736870064
189245602 382938872
136910064 360126200
79065876 1485063
590625094 766602606
302698176 745433460
13425412 273289644
16999670 213405885
325494486 472341690
619367070 92316080
395593470 333553705
276751284 732499943
671810876 571268280
21233556 120749300
64584158 523533314
83741214 106775019
127248764 756548652
30414000 42680666
16825328 279552624
14448640 779611434
20835034 285364100
448473107 340691416
199409000 4809138
309507182 485479456
431513967 185980464
502980984 599009384
24016480 258529700
82902060 302420691
659549202 406524009
111347772 174575565
672563320 205958090
292673952 12390280
50105034 353207057
515453528 4245750
88829618 24750385
195562108 137632746
217362880 451603695
754519713 237314820
679124436 232600616
182766120 282533328
555592488 286587405
216031041 590487636
737915828 708543230
126165120 34409375
35775293 255299200
76917179 179862480
111481625 511593069
403695072 307700556
93952404 579140580
37705195 449831514
119795574 684949524
225121344 410243212
134124016 429348048
614321064 452959243
115868292 447544116
511419675 93618119
151341498 38175474
101211900 248526418
792149599 292936671
122921230 451464460
12714534 155193751
107959024 442274690
87476652 196859732
889830470 224119080
307297488 393998768
80185092 434063130
313743808 381294354
324699154 153609183
3038079 121148592
2569951 110705184
326124528 478311695
38213552 838637270
693366660 653344450
236373460 24176749
1283040 160683853
275299856 447550061
117977552 382359456
19932024 255231295
219994580 345190800
559540918 617624050
799891530 20828281
31232646 54639130
389327800 607963864
302770120 429128526
219054500 4424132
184403756 83703613
45898866 997398374
368936100 839465312
158345280 67594320
69898936 556217505
224290988 817250230
152388830 52643646
668110149 348275796
166840650 630721080
11039616 10906093
48822308 8216780
494435970 47962219
104103774 282318710
33196144 47622510
209004348 563315494
174518400 62631408
136931510 920515404
421619778 87237904
42375580 462202800
523837548 281618937
347187736 443342654
182144700 44197830
215288050 22360140
451545380 265891672
649433816 71466980
127745109 856906897
160517368 660492600
19181644 267696522
284563575 151739487
203873934 106075580
9706410 491032729
7456570 213180517
109180001 379853712
101549140 14402604
858853233 273256257
224227647 21002802
19232321 566940933
151376900 239920550
17958675 199558470
163211730 49037400
65815470 333832856
577702360 65174256
61110598 4960296
55267200 468798902
10948665 784741356
298393221 77253336
52180373 15228719
82704360 140545377
27976590 423435782
195575697 315921816
476927250 64205282
194980044 58512198
64185592 446469768
61105130 40009025
129061530 182241560
383164444 350631984
240260310 129378030
173148444 543515102
38623116 906901996
295737750 9876146
55571136 840817773
59055744 92236325
206425734 276026547
635237184 157651020
409960242 179262092
395620602 463566052
679938604 407404140
175863240 89106966
643884668 75577355
203167776 3642072
60037308 61973592
215091352 46903625
517999792 54150268
175733862 12802888
290912118 177891844
138383775 91717292
76012671 86770684
97124700 59142550
180719985 142879110
797653440 71755947
838986192 309876089
793093107 69808404
744250910 306387900
117029094 510390350
37108144 655015972
241973344 462439965
43559508 304766858
654219862 463439646
404542918 12102300
791188454 219585520
14152050 83074647
18003411 218212456
258125890 351892629
424015071 325624692
898799616 83579735
242436810 339079840
63587100 325956655
228631368 121248426
132376608 60573232
267688932 516162878
169466880 154956438
850633448 752204422
211264571 183779003
475004484 149100373
67736368 527710548
769679386 83656445
61574326 71058024
183255012 276355026
207923628 467636155
198606297 397465655
226015825 173872422
586821350 23231768
160548498 471768453
406219035 224207296
15836093 162128975
4395524 38372276
125046462 336647397
418430124 97660500
235267676 213702552
62423097 385560432
153408771 4686903
269398536 512314788
94681720 81089800
829018992 454456032
225773190 410809406
10064301 267715936
70201967 61797872
444933390 18337480
942829524 384705025
319500597 81019182
366122545 73750845
160031115 625005342
742903808 296412824
530124045 48396558
729398250 247034928
123696955 245696460
611219673 48984110
648794091 272223232
285654006 147996917
716858872 422917236
314985069 91644452
91004872 144629226
253728220 3920400
168122709 298279879
214852926 399799192
556661358 31175280
175958970 24257000
5654843 79212958
427644321 406146796
27557516 13858032
37838600 15298500
313287429 353613429
14350596 25417183
13169259 181769952
16780430 7959668
289480975 280742931
236682369 20147544
49338810 478465577
554589657 668090176
606888688 298295668
96779293 247204874
646888776 197004219
366645528 115298331
122006204 615509311
613921536 291270404
237321402 44297990
131259183 157559064
495713798 228104212
268872267 356822704
63261906 185804462
102069776 681767180
605683417 92560992
107008688 258280946
60938550 48955159
135041598 18652704
512453079 560893096
80296542 22014160
609581696 785994678
201853564 18121155
361892375 230757800
118694685 109856761
69526600 171469683
102362472 27861732
772200 667852227
599327127 256345935
13396178 163644000
7503080 287603328
109228416 159353325
340171592 181507172
5272864 40535215
23453090 56189943
87673032 113568996
5686517 434293184
70236279 570678545
602170107 49599360
315148826 321692896
416036140 302748270
627943290 526718199
370390174 135506092
287703528 406471503
11583600 97248776
29056395 31004828
88024882 427842015
133963155 163705004
4131136 592131425
134360096 588558770
240984107 30623508
2602764 216644883
453682495 161730504
872044932 77943503
96615486 550020366
542336816 72177567
183021040 420195470
522481080 161317140
281742336 145128058
33188254 320638860
550126883 279861386
133219186 9159921
68748808 442519686
936119835 474872885
195859620 2280192
95555066 103322132
821321540 127460820
411454300 26854634
560308034 196926672
224167520 38227329
38100139 149030041
80585972 780551640
83743944 2102170
138204744 118512576
625845951 539002948
575717376 32294985
197322512 565225499
133700206 321858348
99210560 582543890
508942499 570694952
71742126 430307023
649673536 100963500
147563568 526772624
65255981 127922856
717580184 116123436
172519424 241661460
173893068 303762668
59918040 706045725
203980758 82812005
57221307 2076553
539936076 486243593
150081435 166968138
47160146 439516275
88633278 105520676
197045800 237631423
229508430 5487908
299148304 212387416
55022268 203704145
623139465 258854720
163545600 494211262
669569264 76282735
18138094 751864032
378302620 260750
69254460 575132850
481895856 392770996
62912040 253345750
98687110 50175930
270623635 117636819
434514234 288084576
488841480 465785370
45144621 312292068
15143352 24758622
472121475 80591115
13637346 420404532
93388212 600244755
50380890 565246467
4870354 431692364
350083629 314912288
192852810 117174290
211840456 92021118
201731400 238294540
32461896 213811960
683393139 334369052
42279226 144006258
923186984 399377160
606239040 32812556
660760369 215052691
123739841 284264225
253605231 234014812
631200636 87845766
132241663 686553455
462054960 656897388
216824315 443667840
33345425 94740750
7802400 135448794
