97

2147483644 1
2147483644 2147483644 -1

10 10
10 1 -1

2 10
2 1 -1

2 11
2 1 -1

2 10
1 1 -1

1 200000000
1 1 -1

100 10
80 1 -1
167851000 757147
133562357 336971124 659598368
391749387 160567225
4890852 35766290 26239572
597006 473038164
33509 326051436 392289610
170427798 118341522
37215529 675016433 168544290
950090226 683447133
82426873 116752251 194041604
1069909134 706221268
257655784 84970743 21417562
40873980 37379060
8670529 80835680 436291072
106923810 653352030
53308071 466701606 86546364
480572136 247776867
222071041 36629216 366496748
278840198 549646416
119255907 33557676 379268589
137583462 150378795
87867259 32230962 709031778
513494528 144328645
36547831 416998221 84161664
170724396 318773940
41493098 368402970 48581612
368026284 31452500
47903381 939151437 -204145359
288159399 189920159
133145006 314295422 450219948
358403180 160203212
120331205 29331900 31051110
567314088 110710190
139695685 111511395 87708700
103301480 317333276
7099037 634446252 -481551312
105947 39202254
39283 26137200 8465309
554160984 55521104
43110748 94689270 217042882
330434685 108977344
108129401 521273564 690847794
190566996 68513792
109036287 65449575 44362899
278570942 48440001
187689601 89065044 -407401680
407412022 226128238
353228392 483589584 227869096
539460830 145992802
49267979 453525720 220504716
486774960 42676068
460347889 128804732 -536672875
33763104 601621398
24886159 192515622 57109679
680257988 101289132
54363401 6526000 564329607
131182389 262342368
119350477 52946170 248711870
679854069 851267488
304123425 8980026 442118269
67942656 625828104
22312908 56829266 70778792
81507654 544418700
37479490 423188884 209071423
257244834 393186913
4476636 67311552 455546030
320516970 398713616
211951915 647333036 70953718
625352805 105043115
9856897 38371240 119711628
661662372 553902118
1993265 469069512 15405769
116936618 113190750
26987761 695134188 345474072
97979505 771804540
11635714 125370428 30391024
132727578 186085235
36982251 116869478 240524736
491315148 758987916
332152311 211859639 61474686
4703684 573534710
542237 26304960 222807551
80133375 19683398
2968733 330381356 185218041
483015465 850474296
296129476 1205864 538807492
160403320 103205600
52606983 416255900 7245755
88187632 507755360
3239119 1917160 58276680
576539744 59540375
19410973 390256886 105690054
28976352 607818884
25325457 50643600 59821560
653533550 42860570
289453753 274074594 36600876
103093155 134671852
15724879 67270875 179722712
103267724 725063960
3025309 49556357 331592375
50335432 10440640
1568917 892697481 163781817
444585960 455212560
212395485 103003940 258076798
333243724 547331700
108803556 13772400 -167787462
44985668 29386280
33084517 314309231 452452850
355800312 324308880
126908701 893010144 415289260
272651155 178213200
204576942 15214482 113881782
700817709 682701327
167931713 299487104 237757032
589302567 278514985
110605386 58584988 665647080
106566656 204442986
6365033 308315633 -66762316
10599485 6473181
7421632 60485150 49221666
458799675 154662294
382506676 57559270 51924684
414942300 483260515
90813280 155265662 43436158
261574080 11073108
73435177 4764300 -239846733
150633604 493496025
99376828 667415472 32312136
93502520 358595208
17563001 7818980 15185844
313830439 862897840
216989082 547596650 -50477733
373783842 393618550
124943899 248171352 2934265
307740784 85115160
109137988 489955200 175664124
808417747 518678244
191041648 816269960 811416462
175526845 125192277
21519452 144640224 368634528
114462268 70562760
74806683 386985060 149926089
480931523 16399812
13483279 199760710 -501399360
159336147 310692888
50890065 293743776 18903750
3460866 7656525
1950319 185394432 53073944
618600040 253761475
327724189 26998478 119138215
53117100 451039816
8645361 789222660 271929123
681162224 517142304
169166687 511396803 50869921
77993475 312840400
603205 52924536 -37190691
23634369 593009367
18011097 19492480 37306518
9760740 625679152
4481608 549036600 20246116
581195910 94271688
106872031 252522537 176755552
798876862 66921357
73937521 763104868 -534266275
214125304 631025355
176826761 419315688 144647475
550280256 503565832
298342157 639380217 217268820
583051875 614902312
265636341 429421776 184699116
738138368 54918912
27753111 23767965 325241430
136618482 29410875
32488501 122491708 -112775229
101726096 288088032
19532687 271184102 374975568
51891521 1646352
28676801 615536000 -359378844
478694304 580927750
43755429 797663487 53066022
