4
0 1 3
1 0 2 
0 1 2
0 2 -1
1 1 3 
2
1000000
0 39 2438
1 98 8366
0 51 30613
1 1 1143
1 38 15922
1 86 2998
1 77 31892
0 7 18458
1 82 999999
0 79 2447
1 41 18588
0 38 23612
1 57 868
1 79 28224
0 98 20585
1 12 999999
1 30 29405
0 6 24389
1 30 999999
1 65 22115
1 29 999999
0 82 6617
1 48 32613
0 24 9133
1 66 29307
0 80 11028
1 54 20948
0 63 17702
1 57 22746
0 60 12815
1 95 2655
1 19 12578
0 89 30595
1 999999 1
1 6 11677
0 35 30478
1 26 2631
1 73 2246
1 62 26158
0 60 32111
1 41 24365
1 999999 1
1 80 17944
0 52 8093
1 999999 1
1 39 21292
1 93 5609
1 85 26404
0 52 12692
1 33 17412
0 59 19314
1 55 17037
1 999999 1
1 38 27857
1 73 14098
0 84 16704
1 43 2748
0 72 18005
1 53 11820
1 40 4187
1 38 3024
0 34 21394
1 75 25984
0 25 999991
1 999999 1
1 50 23637
0 28 12701
1 23 999991
1 66 25192
0 48 26051
1 35 5969
1 78 15047
0 59 29273
1 35 32582
1 68 29161
0 43 977
1 24 21095
1 45 13825
0 8 29297
1 64 23641
0 48 15081
1 29 10114
1 999999 1
1 999999 1
1 52 28255
1 20 23975
0 23 1911
1 49 32157
0 37 720
1 56 3448
1 999999 1
1 42 1411
0 17 1763
1 28 5421
0 84 9883
1 47 4618
0 66 3141
1 53 3479
1 87 5851
1 34 7059
0 69 6701
1 12391 8
0 93 32661
1 97 28312
0 79 26355
1 99 3137
0 59 25644
0 84 21804
1 999999 1
1 55 21885
1 999999 1
1 55 25783
1 999999 1
0 27 29518
1 24 26533
0 89 30727
1 94 26479
1 999999 1
1 95 17573
0 62 21911
1 7 6911
1 8 10113
0 27 4336
1 6 0
0 27 26064
1 11 7802
1 38 11403
0 72 8702
1 93 27541
0 20 23681
1 99 23802
1 37 14078
0 4 18871
1 50 28223
1 82 4537
0 12 18562
1 40 2200
0 88 31852
1 66 25150
1 68 23101
1 55 13206
0 85 20642
1 79 31594
1 3 27961
1 999999 1
0 1 28549
1 74 14396
0 23 13780
1 999999 1
0 7722 19
1 999999 1
1 50 19212
0 83 8682
1 63 24634
0 21 12267
1 22 27530
0 92 29304
1 59 3288
0 20 8785
0 36 26834
0 45 9155
1 6 31326
1 82 23934
1 23 31047
0 26 23723
1 999999 1
1 999999 1
1 999999 1
1 98 24360
0 999999 1
1 91 16003
1 999999 1
1 63 7914
0 5 4900
1 8 32595
1 14 22026
0 41 1602
1 999999 1
0 41 17603
1 15 12157
1 999999 1
1 90 24291
1 999999 1
1 999999 1
0 74 14989
1 51 16160
0 58 17822
1 1 24494
1 22 8510
1 6 12109
0 43 25345
0 89 16713
1 82 5967
0 92 31370
1 71 5601
0 53 32661
1 999999 1
0 28 31060
1 999999 1
1 47 12353
0 79 25773
1 47 23368
1 42 12300
0 32 19148
1 48 8924
1 21 22739
1 36 31632
1 44 12447
0 80 25084
0 54 13842
1 100 11777
0 9 10913
1 999999 1
1 79 27188
1 36 24670
0 78 10595
1 34 4445
0 68 10889
1 12 31668
1 7 1130
0 57 12332
1 68 28883
0 12 10708
1 53 15114
0 67 20595
1 11 14469
1 999999 1
0 64 11446
1 22 32022
0 42 10309
0 37 25029
1 22 8730
1 61 29345
1 10 7342
0 81 28859
0 93 20350
1 70 21816
0 16 26157
1 91 2137
0 79 5050
1 47 16850
0 35 6571
1 83 10609
1 36 29362
1 999999 1
1 49 30144
1 999999 1
1 73 16060
1 11 4301
0 4 17623
1 63 2429
0 65 15841
1 11 16119
1 999999 1
1 34 6245
0 7 10740
1 34 12145
1 4 28937
0 11 28631
1 34 24454
0 20 29122
1 83 27767
1 41 3189
1 999999 1
1 28 4810
1 48 9764
0 22 19202
1 47 21501
1 74 20735
1 91 27497
1 6 30351
0 5 22785
1 7 333
1 74 27885
0 35 11217
1 57 12192
0 48 3319
1 53 22573
1 59 24825
1 999999 1
1 96 12766
1 999999 1
0 78 32223
1 57 195
1 27 30427
1 23 13988
0 30 13881
0 59 14428
1 82 102
0 69 11775
1 21 31043
1 999999 1
1 12 28109
0 90 16458
1 30 32037
0 42 17702
1 90 7372
1 999999 1
0 98 14584
1 999999 1
1 68 31052
1 42 10181
1 36 11414
1 74 26005
2
1000000
0 53 17841
1 79 16336
1 39 1864
0 58 24371
1 999999 1
1 22 21527
0 27 27446
1 999999 1
0 64 29091
0 45 24717
1 999999 1
1 78 24896
1 999999 1
1 23 21587
0 9 32239
1 85 2651
0 45 1847
1 18 27436
0 3 9394
1 999999 1
1 38 8741
1 86 23654
1 999999 1
0 50 21075
1 57 4469
1 67 22603
1 75 23841
0 68 3079
1 999999 1
1 7 24237
0 20 9911
1 27 21245
1 41 8815
0 81 27447
1 999999 1
1 96 31269
1 33 25464
0 9 11415
1 93 1588
1 999999 1
0 50 7435
1 87 24151
1 85 4960
1 6 13913
0 71 2438
1 999999 1
0 42 20022
1 20 21761
1 98 13454
0 35 15882
1 999999 1
0 35 24411
1 65 4526
0 24 142
1 999999 1
0 46 29975
1 45 4591
1 12 6381
0 92 2788
1 52 23860
1 11 927
0 23 2214
1 8 294
0 83 874
1 94 30799
1 999999 1
0 42 397
1 36 18753
1 999999 1
1 53 16606
0 29 14317
1 83 10893
1 26 17263
1 73 23204
0 42 1147
1 999999 1
0 21 29512
1 94 12217
1 8 2933
1 9 29453
0 58 12512
1 5 658
0 17 21266
1 58 28414
0 21 8315
1 999999 1
0 94 30503
1 999999 1
0 25 27630
1 97 16839
0 13 18486
1 85 8945
1 72 25243
1 45 13618
0 66 30067
1 999999 1
1 24 19719
1 95 12615
1 999999 1
0 57 28243
0 36 32084
1 47 29301
1 999999 1
1 79 15392
0 86 15050
1 22 20452
1 54 25544
0 45 26144
1 999999 1
0 54 1251
1 2 16200
1 999999 1
0 87 28263
1 30 170
1 44 1459
0 20 4781
1 999999 1
1 999999 1
1 20 13396
1 999999 1
1 10 16383
0 8 13147
1 5 28229
0 1 25058
1 35 2200
0 29 15339
1 63 22217
0 7 30032
0 75 15265
1 66 18351
0 93 23714
1 76 11546
1 999999 1
0 23 16424
1 87 10249
0 65 30849
1 3 30280
1 15 16276
0 79 18497
1 20 31874
1 16 29905
1 89 2618
0 17 12224
1 58 8937
0 2 12626
1 93 4825
1 20 11332
1 85 17985
0 91 26738
1 999999 1
1 65 13151
0 36 17456
0 59 32448
1 76 30442
1 94 26623
0 84 20699
1 57 15581
0 90 28216
1 999999 1
1 80 25081
0 31 29468
1 18 6608
1 56 29815
1 75 12007
1 999999 1
1 14 13506
1 20 14349
1 9 31860
0 90 13715
0 67 26811
1 56 11430
1 63 7688
0 66 5839
1 69 27228
0 1 25487
1 999999 1
1 13 11994
1 87 21673
1 67 25682
0 67 28640
1 999999 1
1 22 8075
0 89 1447
1 15 28007
0 6 24896
1 67 24345
1 60 13686
1 999999 1
1 16 6710
1 21 21740
0 72 24831
1 999999 1
1 59 22460
0 92 28563
1 44 2557
0 2 20520
1 40 1978
1 39 516
1 99 789
0 10 15531
1 100 23128
0 46 11099
1 68 12011
1 999999 1
0 97 17594
1 999999 1
1 54 13751
1 65 15250
0 96 23554
1 82 7283
1 79 4330
0 5 115
1 37 18767
1 11 20413
0 70 31602
1 61 2574
1 64 29084
0 78 7436
1 87 14105
1 24 162
0 86 20243
1 999999 1
1 82 28810
1 999999 1
1 23 10729
0 39 2438
1 98 8366
0 51 30613
1 1 1143
1 38 15922
1 999999 1
1 77 31892
0 7 18458
1 82 2241
0 79 2447
1 41 18588
0 38 23612
1 57 868
1 999999 1
0 98 20585
1 12 7579
1 30 29405
0 6 24389
1 30 7177
1 65 22115
1 999999 1
1 38 27857
1 73 14098
0 84 16704
1 43 2748
0 72 18005
1 53 11820
1 40 4187
1 38 3024
0 34 21394
1 999999 1
1 25 7066
0 31 24168
1 999999 1
0 28 12701
1 23 22775
1 66 25192
0 48 26051
1 35 5969
1 78 15047
0 59 29273
1 35 32582
1 68 29161
0 43 977
1 24 21095
1 45 13825
0 8 29297
1 64 23641
1 48 15081
1 29 10114
0 44 16892
1 62 29134
0 52 28255
1 20 23975
0 23 1911
1 999999 1
0 37 720
1 56 3448
1 55 4097
1 42 1411
0 17 1763
1 28 5421
0 84 9883
1 47 4618
0 66 3141
1 53 3479
1 999999 1
1 34 7059
0 69 6701
1 12391 8
0 82 6617
1 48 32613
0 24 9133
1 66 29307
0 80 11028
1 54 20948
1 63 17702
1 999999 1
0 60 12815
1 95 2655
1 999999 1
0 89 30595
1 999999 1
1 6 11677
0 35 30478
1 26 2631
1 73 2246
1 62 26158
0 60 32111
1 999999 1
1 999999 1
0 93 32661
1 97 28312
0 79 26355
1 99 3137
0 59 25644
0 84 21804
1 10 29191
0 3 28579
1 55 21885
1 55 7036
1 55 25783
1 38 2
0 27 29518
1 24 26533
1 999999 1
1 94 26479
1 30 16268
1 95 17573
0 62 21911
1 7 6911
1 8 10113
0 27 4336
1 6 5365
1 27 26064
1 11 7802
1 38 11403
1 999999 1
1 93 27541
0 20 23681
1 99 23802
1 37 14078
0 4 18871
1 50 28223
1 82 4537
0 12 18562
1 40 2200
1 88 31852
1 66 25150
2
1000000
1 80 17944
0 52 8093
1 999999 1
1 39 21292
1 93 5609
1 85 26404
0 52 12692
1 33 17412
1 59 19314
1 55 17037
1 999999 1
1 68 23101
1 55 13206
0 85 20642
1 79 31594
1 3 27961
1 43 592
0 1 28549
1 74 14396
0 23 13780
1 26 16073
0 19 7722
0 3 14861
1 50 19212
0 83 8682
1 63 24634
1 21 12267
1 22 27530
0 92 29304
1 59 3288
0 20 8785
0 36 26834
1 999999 1
1 6 31326
1 82 23934
1 23 31047
0 26 23723
1 999999 1
0 78 29006
1 999999 1
1 98 24360
1 999999 1
1 91 16003
1 999999 1
1 63 7914
1 5 4900
1 8 32595
1 14 22026
0 41 1602
1 999999 1
0 41 17603
1 15 12157
1 82 24631
1 30 9555
1 90 24291
0 78 2525
1 999999 1
0 74 14989
1 51 16160
0 58 17822
1 1 24494
1 22 8510
1 6 12109
0 43 25345
0 89 16713
1 82 5967
0 92 31370
1 71 5601
0 53 32661
1 22 31222
0 28 31060
1 73 26006
1 47 12353
0 79 25773
1 47 23368
1 42 12300
0 32 19148
1 48 8924
1 21 22739
1 36 31632
1 44 12447
0 80 25084
0 54 13842
1 100 11777
0 9 10913
1 12 27727
1 79 27188
1 36 24670
0 78 10595
1 34 4445
0 68 10889
1 12 31668
1 7 1130
0 57 12332
1 68 28883
0 12 10708
1 53 15114
0 67 20595
1 11 14469
0 91 4633
1 64 11446
1 22 32022
0 42 10309
0 37 25029
1 22 8730
1 61 29345
1 10 7342
0 81 28859
0 93 20350
1 70 21816
1 16 26157
1 91 2137
0 79 5050
1 47 16850
0 35 6571
1 83 10609
1 36 29362
1 0 22134
1 49 30144
1 50 2013
1 73 16060
1 11 4301
0 4 17623
1 63 2429
0 65 15841
1 11 16119
1 59 934
1 34 6245
0 7 10740
1 34 12145
1 4 28937
0 11 28631
1 34 24454
0 20 29122
1 83 27767
1 41 3189
0 75 25319
0 16 1750
1 28 4810
1 48 9764
0 22 19202
1 47 21501
1 74 20735
1 91 27497
1 6 30351
0 5 22785
1 7 333
1 74 27885
0 35 11217
1 57 12192
0 48 3319
1 53 22573
1 59 24825
0 89 14367
1 96 12766
1 81 4440
0 78 32223
1 57 195
1 27 30427
1 23 13988
0 30 13881
0 59 14428
1 82 102
0 69 11775
1 21 31043
1 99 22069
1 12 28109
0 90 16458
1 30 32037
0 42 17702
1 90 7372
1 8 9477
0 98 14584
1 37 7008
1 68 31052
1 42 10181
1 36 11414
1 74 26005
0 53 17841
1 79 16336
1 39 1864
0 58 24371
1 999999 1
1 22 21527
0 27 27446
1 999999 1
1 64 29091
0 45 24717
1 6 4613
1 78 24896
1 999999 1
1 23 21587
0 9 32239
1 85 2651
0 45 1847
1 18 27436
0 3 9394
1 12 9460
0 44 4419
1 38 8741
1 86 23654
1 28 6555
0 50 21075
1 57 4469
1 67 22603
1 75 23841
0 68 3079
1 67 10504
1 7 24237
0 20 9911
1 27 21245
1 41 8815
0 81 27447
1 3 29045
1 96 31269
1 33 25464
0 9 11415
1 93 1588
1 86 8631
0 50 7435
1 87 24151
1 85 4960
1 6 13913
1 71 2438
1 20 29461
0 42 20022
1 20 21761
1 98 13454
0 35 15882
1 13 15102
0 35 24411
1 65 4526
0 24 142
1 53 20297
0 46 29975
1 45 4591
1 12 6381
0 92 2788
1 52 23860
1 11 927
0 23 2214
1 8 294
1 83 874
1 94 30799
1 4 9712
0 42 397
1 36 18753
1 19 28914
1 53 16606
0 29 14317
1 83 10893
1 26 17263
1 73 23204
0 42 1147
1 15 11179
0 21 29512
1 94 12217
1 8 2933
1 9 29453
1 58 12512
1 5 658
0 17 21266
1 58 28414
0 21 8315
1 74 3485
0 94 30503
1 34 6523
0 25 27630
1 97 16839
0 13 18486
1 85 8945
1 72 25243
1 45 13618
0 66 30067
0 24 7382
1 24 19719
1 95 12615
1 55 1474
0 57 28243
0 36 32084
1 47 29301
0 83 11473
1 32 31629
1 79 15392
0 86 15050
1 22 20452
1 54 25544
0 45 26144
1 999999 1
0 54 1251
1 2 16200
1 62 6727
1 87 28263
1 30 170
1 44 1459
0 20 4781
1 999999 1
1 75 559
1 20 13396
1 10 16383
0 8 13147
1 5 28229
0 1 25058
1 35 2200
0 29 15339
1 63 22217
0 7 30032
0 75 15265
1 66 18351
0 93 23714
1 76 11546
1 25 6466
0 23 16424
1 87 10249
0 65 30849
1 3 30280
1 15 16276
0 79 18497
1 20 31874
1 16 29905
1 89 2618
0 17 12224
1 58 8937
1 2 12626
1 93 4825
1 20 11332
1 85 17985
0 91 26738
0 87 6603
1 65 13151
0 36 17456
0 59 32448
1 76 30442
1 94 26623
0 84 20699
1 57 15581
0 90 28216
1 44 31890
1 80 25081
0 31 29468
1 18 6608
1 56 29815
1 75 12007
1 1 7158
1 14 13506
1 20 14349
1 9 31860
0 90 13715
0 67 26811
1 56 11430
1 63 7688
0 66 5839
1 69 27228
0 1 25487
1 53 544
1 13 11994
1 87 21673
0 67 28640
0 95 24738
1 22 8075
0 89 1447
1 15 28007
1 6 24896
1 67 24345
1 60 13686
1 74 26449
1 16 6710
1 21 21740
0 72 24831
1 83 28401
1 59 22460
0 92 28563
1 44 2557
0 2 20520
1 40 1978
1 39 516
1 99 789
0 10 15531
1 100 23128
0 46 11099
1 68 12011
1 90 3316
0 97 17594
1 90 4428
1 54 13751
1 65 15250
0 96 23554
1 82 7283
1 79 4330
0 5 115
1 37 18767
1 11 20413
1 70 31602
1 61 2574
1 64 29084
1 78 7436
1 87 14105
1 24 162
0 86 20243
1 97 25655
1 82 28810
0 82 19918
1 23 10729
0 39 2438
0 98 8366
0 51 30613
1 1 1143
0 38 15922
1 86 2998
1 77 31892
0 7 18458
0 82 2241
0 79 2447
1 41 18588
0 38 23612
1 57 868
0 79 28224
1 98 20585
1 12 7579
1 30 29405
0 6 24389
0 30 7177
1 65 22115
1 29 1103
1 38 27857
1 73 14098
0 84 16704
1 43 2748
0 72 18005
1 53 11820
1 40 4187
1 38 3024
0 34 21394
1 75 25984
0 25 7066
0 31 24168
1 50 23637
0 28 12701
0 23 22775
1 66 25192
0 48 26051
1 35 5969
1 78 15047
0 59 29273
1 35 32582
0 68 29161
1 43 977
0 24 21095
1 45 13825
0 8 29297
1 64 23641
1 48 15081
0 29 10114
2
1000000
0 44 16892
1 62 29134
1 52 28255
1 20 23975
0 23 1911
1 49 32157
0 37 720
1 56 3448
1 55 16494
0 42 26205
1 17 26557
1 28 30215
0 84 22280
1 47 17015
0 66 15538
1 53 15876
1 87 5851
1 34 19456
0 69 19098
0 42 8941
0 82 6617
1 48 32613
0 24 9133
1 66 29307
0 80 11028
0 54 20948
1 63 17702
1 57 22746
0 60 12815
1 95 2655
0 19 12578
0 89 30595
1 6 11677
0 35 30478
1 26 2631
1 73 2246
1 62 26158
0 60 32111
0 41 24365
1 94 1898
0 93 32661
0 97 28312
0 79 26355
1 99 3137
0 59 25644
0 84 21804
1 10 29191
0 3 28579
0 55 21885
1 55 7036
1 55 25783
1 38 2
0 27 29518
1 24 26533
0 89 30727
1 94 26479
1 30 16268
1 95 17573
0 62 21911
0 7 6911
0 8 10113
0 27 4336
1 6 5365
1 27 26064
1 11 7802
1 38 11403
0 72 8702
1 93 27541
0 20 23681
1 999999 1
1 37 14078
0 4 18871
0 50 28223
1 82 4537
0 12 18562
0 40 2200
1 88 31852
0 66 25150
1 80 17944
0 52 8093
1 39 21292
1 999999 1
1 85 26404
0 52 12692
1 33 17412
1 59 19314
1 55 17037
2
1000000
1 68 23101
1 55 13206
0 85 20642
1 79 31594
0 3 27961
1 43 592
0 1 28549
1 74 14396
0 23 13780
1 26 16073
0 19 7722
0 3 14861
1 50 19212
0 83 8682
1 63 24634
1 999999 1
1 22 27530
0 92 29304
1 59 3288
0 20 8785
1 999999 1
0 45 9155
1 6 31326
1 82 23934
1 23 31047
0 26 23723
1 50 21965
0 78 29006
1 72 24812
0 98 24360
1 999999 1
1 20 6753
1 63 7914
1 5 4900
1 8 32595
1 999999 1
0 41 1602
0 41 17603
1 15 12157
1 82 24631
1 30 9555
1 999999 1
0 78 2525
1 73 24327
0 74 14989
1 51 16160
1 58 17822
1 1 24494
1 22 851
1 6 12109
0 43 25345
0 89 16713
1 82 5967
0 92 31370
1 999999 1
0 53 32661
1 22 31222
0 28 31060
1 73 26006
0 47 12353
1 79 25773
0 47 23368
1 42 12300
0 32 19148
1 48 8924
1 21 22739
1 36 31632
1 44 12447
0 80 25084
1 54 13842
1 999999 1
0 9 10913
1 12 27727
1 79 27188
1 36 24670
0 78 10595
1 34 4445
0 68 10889
1 12 31668
1 999999 1
0 57 12332
1 68 28883
0 12 10708
1 999999 1
0 67 20595
1 11 14469
0 91 4633
1 64 11446
1 22 32022
0 42 10309
0 37 25029
1 22 8730
1 61 29345
1 999999 1
0 81 28859
0 93 20350
1 999999 1
1 91 2137
0 79 5050
0 47 16850
1 35 6571
0 83 10609
1 36 29362
1 82 22134
1 49 30144
1 50 2013
1 73 16060
1 999999 1
0 4 17623
1 63 2429
0 65 15841
0 11 16119
1 59 934
1 34 6245
0 7 10740
1 34 12145
1 4 28937
0 11 28631
1 34 24454
1 999999 1
1 83 27767
1 41 3189
1 75 25319
0 16 1750
1 28 4810
0 39 2438
0 98 8366
1 999999 1
1 1 1143
0 38 15922
0 86 2998
1 77 31892
0 7 18458
0 82 2241
1 999999 1
1 41 18588
0 38 23612
1 57 868
0 79 28224
0 98 20585
1 12 7579
1 30 29405
0 6 24389
0 30 7177
1 65 22115
1 29 1103
1 999999 1
1 73 14098
0 84 16704
1 43 2748
0 72 18005
0 53 11820
1 40 4187
1 38 3024
1 999999 1
1 75 25984
0 25 7066
0 31 24168
1 50 23637
0 28 12701
0 23 22775
1 66 25192
0 48 26051
1 35 5969
1 78 15047
0 59 29273
1 999999 1
1 43 977
0 24 21095
1 45 13825
0 8 29297
1 64 23641
1 48 15081
0 29 10114
0 44 16892
1 62 29134
1 52 28255
1 20 23975
0 23 1911
1 49 32157
1 999999 1
1 56 3448
1 55 16494
0 42 26205
0 17 26557
1 28 30215
0 84 22280
1 999999 1
0 66 15538
1 53 15876
1 87 5851
1 34 19456
0 69 19098
1 42 8941
0 82 6617
1 48 32613
0 24 9133
0 66 29307
1 80 11028
1 999999 1
1 57 22746
0 60 12815
0 95 2655
1 19 12578
0 89 30595
1 6 11677
0 35 30478
1 26 2631
1 73 2246
1 62 26158
0 60 32111
0 41 24365
1 94 1898
0 93 32661
1 97 28312
0 79 26355
1 99 3137
0 59 25644
0 84 21804
1 10 29191
1 999999 1
0 55 21885
1 55 7036
1 999999 1
1 38 2
0 27 29518
1 24 26533
0 89 30727
0 94 26479
1 30 16268
1 95 17573
0 62 21911
0 7 6911
1 8 10113
1 999999 1
1 6 5365
1 27 26064
1 11 7802
1 38 11403
0 72 8702
1 93 27541
0 20 23681
1 99 23802
1 999999 1
0 4 18871
1 50 28223
1 82 4537
0 12 18562
1 40 2200
0 88 31852
1 66 25150
1 80 17944
0 52 8093
1 39 21292
1 999999 1
1 85 26404
0 52 12692
1 33 17412
0 59 19314
1 55 17037
1 999999 1
1 55 13206
0 85 20642
1 79 31594
0 3 27961
1 43 592
1 999999 1
1 74 14396
0 23 13780
1 26 16073
0 19 7722
0 3 14861
1 50 19212
0 83 8682
1 63 24634
1 21 12267
1 22 27530
0 92 29304
1 59 3288
0 20 8785
1 999999 1
0 45 9155
1 6 31326
1 82 23934
1 23 31047
0 26 23723
0 50 21965
1 78 29006
0 72 24812
1 98 24360
1 999999 1
1 20 6753
1 63 7914
1 5 4900
1 8 32595
1 999999 1
0 41 17603
1 15 12157
1 82 24631
1 30 9555
1 90 24291
0 78 2525
1 73 24327
0 74 14989
1 51 16160
1 999999 1
1 1 24494
1 22 8510
1 6 12109
0 43 25345
0 89 16713
1 82 5967
0 92 31370
0 53 32661
1 22 31222
0 28 31060
1 999999 1
1 47 12353
0 79 25773
0 47 23368
1 42 12300
0 32 19148
1 48 8924
1 21 22739
1 36 31632
1 44 12447
0 80 25084
0 54 13842
1 999999 1
0 9 10913
1 12 27727
1 79 27188
1 36 24670
0 78 10595
0 34 4445
0 68 10889
1 12 31668
1 7 1130
0 57 12332
1 68 28883
0 12 10708
1 999999 1
0 67 20595
0 11 14469
1 91 4633
0 64 11446
1 22 32022
2
1000000
0 42 10309
0 37 25029
1 22 8730
1 61 29345
1 10 7342
0 81 28859
0 93 20350
1 70 21816
1 16 26157
1 999999 1
0 79 5050
0 47 16850
1 999999 1
0 83 10609
1 36 29362
1 82 22134
1 49 30144
1 50 2013
1 73 16060
1 11 4301
0 4 17623
0 63 2429
1 65 15841
0 11 16119
1 59 934
1 34 6245
0 7 10740
1 34 12145
1 4 28937
0 11 28631
1 34 24454
0 20 29122
1 83 27767
1 41 3189
0 75 25319
1 999999 1
1 28 4810
0 39 2438
1 98 8366
0 51 30613
1 1 1143
0 38 15922
0 86 2998
1 77 31892
0 7 18458
1 999999 1
0 79 2447
1 41 18588
0 38 23612
0 57 868
0 79 28224
0 98 20585
1 999999 1
1 30 29405
0 6 24389
0 30 7177
1 65 22115
1 29 1103
1 38 27857
1 73 14098
0 84 16704
1 43 2748
0 72 18005
1 999999 1
1 38 3024
0 34 21394
1 75 25984
0 25 7066
0 31 24168
1 50 23637
0 28 12701
1 23 22775
1 66 25192
0 48 26051
1 35 5969
1 78 15047
0 59 29273
1 35 32582
0 68 29161
1 43 977
0 24 21095
1 45 13825
0 8 29297
1 64 23641
1 48 15081
1 29 10114
0 44 16892
1 62 29134
1 52 28255
1 20 23975
0 23 1911
0 37 720
1 56 3448
1 55 16494
0 42 26205
0 17 26557
1 28 30215
0 84 22280
1 47 17015
0 66 15538
1 53 15876
1 87 5851
1 34 19456
0 69 19098
1 42 8941
0 82 6617
1 48 32613
1 24 9133
0 66 29307
1 80 11028
1 54 20948
1 63 17702
1 57 22746
0 60 12815
0 95 2655
1 19 12578
0 89 30595
1 6 11677
0 35 30478
1 26 2631
1 73 2246
1 62 26158
0 60 32111
0 41 24365
1 94 1898
0 93 32661
1 97 28312
0 79 26355
1 99 3137
0 59 25644
1 84 21804
1 10 29191
0 3 28579
0 55 21885
1 55 7036
1 55 25783
1 38 2
0 27 29518
1 24 26533
0 89 30727
0 94 26479
1 30 16268
1 95 17573
0 62 21911
0 7 6911
1 8 10113
0 27 4336
1 6 5365
1 27 26064
1 11 7802
1 38 11403
0 72 8702
1 93 27541
0 20 23681
1 99 23802
1 37 14078
0 4 18871
1 50 28223
1 82 4537
0 12 18562
1 40 2200
0 88 31852
1 66 25150
1 80 17944
0 52 8093
1 39 21292
1 93 5609
1 85 26404
0 52 12692
1 33 17412
0 59 19314
1 55 17037
1 68 23101
1 999999 1
0 85 20642
1 79 31594
0 3 27961
1 43 592
0 1 28549
0 23 13780
1 26 16073
1 19 7722
0 3 14861
1 50 19212
0 83 8682
1 63 24634
1 21 12267
1 27530 20
1 999999 1
1 59 3288
0 20 8785
1 36 26834
0 45 9155
1 6 31326
1 82 23934
1 23 31047
0 26 23723
1 50 21965
0 78 29006
1 72 24812
0 98 24360
1 999999 1
0 91 16003
1 20 6753
1 63 7914
1 999999 1
1 8 32595
1 14 22026
0 41 1602
0 41 17603
1 15 12157
1 82 24631
1 30 9555
1 90 24291
0 78 2525
1 73 24327
1 999999 1
1 51 16160
0 58 17822
1 1 24494
1 22 8510
1 6 12109
0 43 25345
0 89 16713
1 82 5967
0 92 31370
1 71 5601
0 53 32661
1 22 31222
0 28 31060
0 73 26006
1 47 12353
0 79 25773
0 47 23368
1 42 12300
0 32 19148
1 48 8924
1 21 22739
1 36 31632
1 44 12447
0 80 25084
0 54 13842
1 100 11777
0 9 10913
1 12 27727
1 79 27188
1 36 24670
0 78 10595
1 34 4445
0 68 10889
1 12 31668
1 7 1130
0 57 12332
1 68 28883
0 12 10708
1 53 15114
0 67 20595
0 11 14469
0 91 4633
1 64 11446
1 22 32022
2
1000000
0 42 10309
0 37 25029
1 22 8730
1 61 29345
1 10 7342
0 81 28859
0 93 20350
1 70 21816
1 16 26157
1 91 2137
0 79 5050
0 47 16850
1 35 6571
0 83 10609
1 36 29362
1 82 22134
1 49 30144
1 50 2013
1 73 16060
1 11 4301
0 4 17623
0 63 2429
1 65 15841
0 11 16119
1 59 934
1 34 6245
0 7 10740
1 34 12145
1 4 28937
0 11 28631
1 34 24454
0 20 29122
1 83 27767
1 41 3189
0 75 25319
1 16 1750
1 28 4810
0 39 2438
0 98 8366
1 51 30613
0 1 1143
1 38 15922
0 86 2998
1 77 31892
0 7 18458
0 82 2241
0 79 2447
1 41 18588
0 38 23612
0 57 868
0 79 28224
0 98 20585
1 12 7579
1 30 29405
0 6 24389
0 30 7177
0 65 22115
1 29 1103
1 38 27857
1 73 14098
0 84 16704
1 43 2748
0 72 18005
0 53 11820
1 40 4187
1 999999 1
0 34 21394
1 75 25984
0 25 7066
0 31 24168
1 50 23637
0 28 12701
1 23 22775
1 66 25192
0 48 26051
1 35 5969
1 78 15047
1 999999 1
1 35 32582
0 68 29161
1 43 977
0 24 21095
1 45 13825
0 8 29297
1 64 23641
1 48 15081
1 29 10114
0 44 16892
1 62 29134
1 999999 1
1 20 23975
0 23 1911
1 49 32157
0 37 720
1 56 3448
1 55 16494
0 42 26205
0 17 26557
1 28 30215
0 84 22280
1 999999 1
0 66 15538
1 53 15876
1 87 5851
1 34 19456
0 69 19098
1 42 8941
0 82 6617
1 48 32613
0 24 9133
1 999999 1
1 80 11028
0 54 20948
1 63 17702
1 57 22746
0 60 12815
0 95 2655
0 19 12578
0 89 30595
1 6 11677
0 35 30478
1 26 2631
1 999999 1
1 62 26158
0 60 32111
0 41 24365
1 94 1898
0 93 32661
0 97 28312
0 79 26355
1 99 3137
0 59 25644
0 84 21804
1 10 29191
0 3 28579
0 55 21885
1 55 7036
1 999999 1
1 38 2
0 27 29518
1 24 26533
0 89 30727
0 94 26479
1 30 16268
1 95 17573
0 62 21911
0 7 6911
0 8 10113
0 27 4336
1 6 5365
1 999999 1
1 11 7802
1 38 11403
1 999999 1
1 93 27541
0 20 23681
1 99 23802
1 37 14078
0 4 18871
1 50 28223
1 82 4537
0 12 18562
1 40 2200
0 88 31852
1 66 25150
1 80 17944
1 999999 1
1 39 21292
1 93 5609
1 85 26404
0 52 12692
1 999999 1
0 59 19314
1 55 17037
1 68 23101
1 55 13206
0 85 20642
1 79 31594
0 3 27961
1 999999 1
0 1 28549
1 74 14396
0 23 13780
1 26 16073
1 19 7722
0 3 14861
1 50 19212
0 83 8682
1 63 24634
1 21 12267
1 22 27530
0 92 29304
1 59 3288
1 999999 1
0 36 26834
0 45 9155
1 6 31326
1 82 23934
1 23 31047
0 26 23723
0 50 21965
0 78 29006
1 72 24812
1 999999 1
1 999999 1
0 91 16003
1 20 6753
1 63 7914
1 5 4900
1 8 32595
1 14 22026
0 41 1602
0 41 17603
1 15 12157
1 82 24631
1 30 9555
1 999999 1
0 78 2525
0 73 24327
0 74 14989
1 51 16160
0 58 17822
1 1 24494
1 22 8510
1 6 12109
0 43 25345
0 89 16713
1 82 5967
0 92 31370
1 999999 1
0 53 32661
1 22 31222
0 28 31060
1 999999 1
0 47 12353
1 79 25773
0 47 23368
0 42 12300
1 32 19148
1 48 8924
1 21 22739
1 36 31632
1 44 12447
1 999999 1
0 54 13842
1 100 11777
0 9 10913
1 12 27727
1 79 27188
1 36 24670
0 78 10595
0 34 4445
0 68 10889
1 12 31668
1 7 1130
0 57 12332
1 999999 1
0 12 10708
1 53 15114
1 999999 1
0 11 14469
1 999999 1
0 64 11446
1 22 32022
0 42 10309
0 37 25029
1 22 8730
1 61 29345
1 10 7342
1 999999 1
0 93 20350
1 70 21816
1 16 26157
1 91 2137
0 79 5050
1 999999 1
0 35 6571
0 83 10609
1 36 29362
1 82 22134
1 49 30144
1 50 2013
1 999999 1
1 11 4301
0 4 17623
1 63 2429
0 65 15841
0 11 16119
1 59 934
1 999999 1
0 7 10740
1 34 12145
1 4 28937
0 11 28631
1 34 24454
0 20 29122
1 83 27767
1 41 3189
0 75 25319
0 16 1750
1 28 4810
2
