6617
7 7
1 4
6684830 5169
163871 953
7468546 3332
2245646 3404
23376 230
67184215 8513
462359 3414
14180494 4286
45379155 8485
18517720 8240
39029337 7628
32474548 5721
5951426 2479
463143 1196
25260500 5163
54198164 8692
16953411 8322
20290414 4981
3245556 6328
27565599 8580
7770567 5458
864315 2476
17744653 4502
132668 2147
89601 528
2451686 4533
22230996 9168
1324617 2432
51407543 7312
2789357 4494
278516 726
41570306 8700
31176399 6558
61547823 8095
16745037 7929
6966686 8771
1579781 2550
4778824 2717
66176543 9239
4021880 3078
46344245 9761
2356 112
27228616 8924
15684616 9498
48564 346
2914267 2688
15318589 4717
958834 2188
1355322 1827
32380924 5810
14373739 4596
13191525 5067
5623995 5840
27398505 5611
55364343 7781
23090779 7151
9188028 5576
721703 932
42885175 6974
25503770 5910
35523479 7758
28684501 6074
4132540 3034
13579714 4694
3849562 2417
21868315 5789
79006240 9135
4500641 6584
3133530 2342
20500860 4706
1771 46
10245744 5679
69302616 8864
761496 7634
558752 1307
7639647 7602
25944310 9149
318980 768
502428 1236
357640 819
1398668 2752
16700554 5697
35669509 7167
45581548 8321
7388803 5981
10689949 9112
6079114 3289
30428324 6837
90247 1831
190975 3400
4761394 9833
93622642 9756
1611730 1754
10398860 9315
37833174 6558
38042192 6498
237634 955
36227902 7155
16853145 5240
7160667 6773
9041583 5167
506834 2483
2931235 1902
50347124 7404
40552864 9436
4280162 2337
35027689 7413
26803506 7979
2466823 6902
8796533 3011
24875939 6602
14721393 8536
60134 310
35679042 6368
5033570 2848
32414471 8894
47706464 7026
1667887 3057
33188749 6635
1401 52
29057291 5873
1379369 2897
9566075 4517
996047 1704
241997 940
23292036 5820
47834 782
84104246 9658
569696 2382
54634165 9745
791010 1112
59417 504
32577969 7751
9040630 5418
118985 2740
8119987 5076
83244188 9894
2821443 1831
37346132 6471
480977 925
56415739 8881
4040806 2259
72140933 9006
331553 2479
17484 151
2148 90
1357088 1461
1276160 2458
29675630 5727
1234924 1666
8739898 3628
1991885 1591
1433110 2398
4132985 3697
822045 1590
2891 160
83059470 9787
1411601 1333
391474 929
3760650 5674
16195393 5015
193800 540
39045544 7087
34986228 7950
205551 1320
11698809 8146
10291079 3461
16347066 7026
13922117 5096
75064496 8715
2150837 3172
10819185 4628
6162234 5976
31185784 9944
7264829 4050
39947759 6838
373644 7146
13109484 9658
1133651 2190
48200400 9800
33191634 8888
30310877 6090
16872395 4706
23085830 7766
12780934 3648
12755212 5058
63402599 8197
4530356 3100
17214313 5605
13108131 8526
29897246 8528
17662901 5882
38476 280
29170666 8161
6278718 4531
6714101 3302
12851539 8253
10269744 3893
9924086 9600
102578 324
11369565 9114
11903430 7242
4842376 3228
38624716 6849
3017665 1905
14751124 9985
40800 301
344545 1770
2291346 2609
3156702 3979
1176163 1355
9079391 9617
10072280 6143
3959411 2744
7179212 7721
27396268 9180
15933339 5532
337391 2329
7721528 8628
28589462 8064
70758983 8522
4985510 2564
5908371 5306
3666275 2027
171941 483
2315987 9001
916613 1385
136990 1421
354155 995
9990361 8363
2108063 2998
499136 765
57703139 9693
28601684 6640
26203214 6158
2478628 3247
26241738 8767
4107089 3227
2206803 2629
299563 600
22116690 5401
5218054 9702
8200128 4630
48994620 7387
7226764 2734
7597797 6630
66923847 9609
30282119 6830
4174408 3177
12889732 9731
3384001 2079
25876959 8830
32147188 7060
42357766 7191
46205 392
15117738 7355
16702430 4376
28946377 5542
35596560 8280
27190013 9510
43176378 7583
13401452 4199
38016708 6790
6261501 2881
63159093 9343
2557063 2235
32914350 6951
17868059 4599
40740 393
33369587 7433
49037362 8876
402000 2057
48969691 9715
70892807 9583
80400 1499
70149845 9266
44278867 9507
825784 2463
7762253 3050
11023129 8778
382065 927
298135 920
151943 434
90905 405
3046801 4232
498978 1424
21695297 4775
56393921 9410
7540271 5486
2520896 5246
5494561 2434
12794541 7129
6728086 6122
64715744 8179
28151703 7642
6554305 2715
2336049 7022
61879473 9884
31016052 9948
4457313 4028
52743899 7315
13791590 4529
449127 1521
79580479 9713
35422117 7299
15415817 4133
1128715 1350
3181145 6534
3916598 4592
15283116 4654
2003645 2579
37798928 9046
5198713 2346
8717672 8406
14010862 9381
42403700 6800
1454039 1439
11725785 8418
1178159 2421
859134 1687
16580052 8221
17742422 4449
4074047 2081
1676532 1723
53768 316
31374263 6798
1251372 2412
8881302 5041
1998997 5345
12968738 5996
9845286 4967
3426256 2559
14823222 4577
27639981 8912
19444648 4892
1233419 1434
2902523 6338
91000336 9951
56610652 8488
456 35
293043 7269
40083629 8991
15716614 7368
5669730 3163
21293405 7439
598527 814
15708621 5641
15972789 6048
30443202 8463
29819776 8267
6992182 3587
28429429 6406
4551649 8990
476 27
570984 928
65001271 8639
55368262 9471
1997265 6250
40171580 8140
24489498 6144
2111761 1705
8799132 3062
3214 64
4567280 3554
10120374 5598
3107643 9139
7642362 3516
33816178 9359
494504 1461
3787087 4189
13624936 7134
418611 1287
674658 1326
23861260 6523
966437 1229
54631824 8167
5686074 2655
2130518 1734
14131690 4171
32599271 6851
63023177 9592
5648086 5207
58555 1508
19168855 7310
37109242 6196
4159640 2168
3084814 2037
13 22
25616 185
1012272 1322
519648 958
505107 1043
6491413 2712
14906384 6891
3545688 2653
7140592 5503
541152 1080
54445581 7908
15675960 9329
1584929 1602
21715648 6509
49800148 7298
13239027 8084
5335818 4158
2340612 4483
15538075 9666
49132338 8156
35314815 7055
84635182 9209
12793746 3637
7645377 6509
9670352 4703
10554697 4715
25665613 5956
1422808 4046
16367744 6866
238291 1906
24468811 6044
5000297 3943
5158853 5901
17705530 7419
359313 4840
2478169 4400
310394 708
30002981 5863
26139590 5502
7778671 2847
1294331 2016
12457907 5654
37180 405
596355 3352
4180106 2213
9957388 4553
63602 282
6450 386
53814151 7634
6876143 6186
43079837 7769
11007997 6789
983154 1556
2457125 1991
1399204 1198
11840515 9666
1756001 1330
1648163 2106
1299917 1385
33864083 6484
7973303 9055
32202 182
235358 1258
11035052 3425
28437952 6995
11098754 8983
21100105 8225
3789977 2200
71545 400
138339 653
302497 1337
17197381 4554
20192539 9041
926857 5684
8967170 5957
3179995 9566
23199649 5096
53020976 7872
13797995 7446
1126810 1327
21666 272
74749781 9817
49558628 9880
7958150 7617
168546 460
3833940 7874
7619635 3514
947751 1680
12563165 5242
4681 93
3984464 2067
3837887 3181
6885360 6592
26635953 8747
27940607 6833
37490113 6618
612019 807
5283772 2731
4815154 2607
15263325 7164
12100817 6888
1574306 1345
1480964 4595
178416 8264
8295147 3216
1812362 1465
273364 831
750236 1044
12751 1778
60392797 7972
7639763 3651
20462 335
1530510 1295
651700 3261
897039 1981
8968650 4103
1246353 2960
46373357 7407
541924 4671
4996835 4378
5494 79
24758625 9829
13355047 9945
1790468 1465
354885 921
63206 4554
250220 672
4223155 5130
45336310 9954
32090513 7676
103491 1588
43929182 7852
10371 127
1369 318
66957 467
8332120 4383
28558624 7951
21997455 5013
2328797 3763
16654855 6589
651379 845
19254308 7239
24987835 7057
10982825 3972
7290961 7833
28358157 5555
4376844 6969
2093691 1564
2891410 2540
30940 351
216815 2069
2209665 3404
7011254 4593
11763283 5310
3448618 2233
77054 521
6996269 4994
809323 2095
29995293 6762
54838387 8810
41932513 7746
3455 117
15384606 4593
64411341 9121
50414528 7122
25852783 7494
730344 1340
3783476 2669
52484300 7346
5062685 2288
18122621 4872
471859 1325
2425525 2397
23239691 8391
2734753 1931
62718940 8157
420242 1031
20161293 5799
19502544 4684
34476992 9951
1930237 4189
800430 1239
231807 866
15963822 7082
12840499 5443
33405115 6124
39690 280
5635321 2503
110248 505
22507079 8418
10984571 4082
3788998 4094
1871166 4268
25299987 6389
2860593 1864
9669479 6022
14596793 5293
5445405 3691
6231939 3477
122405 1130
34369043 7839
1974352 2075
1088503 1198
2301414 3329
2378291 6933
2646322 2256
43878937 7511
74852567 9837
2458396 2700
6357300 5917
3390613 1881
22615776 9415
58447490 8853
6138848 5493
372144 649
91151 327
1181343 1629
17172926 4699
42499651 6811
7511876 3091
20095533 5093
6678339 3685
20792299 4920
13674222 5656
625434 3064
928961 4007
984517 2234
881652 1018
352869 9115
221425 1715
1213220 3123
43132062 8795
110554 992
22779474 4881
2296747 2263
2637369 9765
15994639 4800
514890 4428
15731672 9139
33137552 8646
6445052 2558
6124515 3444
4508557 5023
2606553 9179
2186625 1772
224891 535
40338 431
5812657 6286
21788090 7269
3261343 9064
5091450 2599
34149877 6487
3711060 3471
2119568 1713
49156846 7660
2998045 1980
14753742 7241
6569768 3304
40762383 8683
28212278 5646
1976791 1806
2143431 3592
5119572 5950
17269550 5727
423985 705
193379 712
9328934 6185
59113193 7991
3235122 2293
1673161 6950
482299 2692
7699263 6353
79501368 9884
2632233 3186
722546 1949
1994416 1437
23130489 8571
48051 222
54040 877
2969607 1922
2344699 1611
3761633 4531
1387826 1441
11834997 5976
22308851 6300
46705833 7205
398791 1230
32913403 7012
1241723 2259
2524684 1893
2457251 2240
75695534 9977
2807575 2526
26667526 7793
35029887 6501
1890189 3001
385531 1562
672801 1285
71828465 9120
94880639 9993
2700305 1665
55954158 8306
5939 135
26132 200
2997332 1867
10253912 3891
21561 196
74822 3014
44221225 7512
145395 409
11208727 4852
12872637 5213
7001561 3458
21731417 4788
150342 736
3219573 2254
4531 204
17980374 5202
5245386 2306
64292733 8505
17917987 4244
1612199 2991
4160760 2511
9442793 4828
36659292 7510
661256 2006
9683695 9857
1041446 2722
40993068 7708
4447890 9485
8867289 3044
63017568 7955
67340309 9453
22354752 6195
421840 1199
3408918 5667
27200669 5245
7120141 8803
26766127 9786
6224453 2601
32657971 7248
346049 615
39053668 9653
3627823 2390
1789126 2300
54324357 9134
1926589 3696
27103487 7871
2044839 1639
622956 1623
8334483 3668
20322834 8013
50585827 8892
1961567 8203
39226769 8819
6057539 9529
9595707 3393
23630752 5911
1216602 1642
58102299 8019
42688210 8415
4403393 2699
408449 739
8877769 3135
592892 941
4237046 3091
350136 1709
4509799 4825
10329 226
39883574 6780
3597451 2120
49364731 9071
47363948 7943
12209740 5133
1803159 2005
59919 703
6458816 5519
837051 1370
137179 463
728292 1135
2556522 1917
1789329 1605
12895077 4187
4086618 2560
30157594 7026
1312632 9188
15246 194
3787901 2506
9536805 3869
2342 83
58278739 8005
17419 271
492436 853
115075 2244
7731442 5253
44119295 6982
9824 125
69006017 9574
4870740 5248
18534043 5206
723158 1019
10484029 5056
28273827 8289
1580614 3167
873463 1275
2551139 1923
50338 276
1165810 1206
18235888 4513
16383214 6449
50343584 9212
4869207 9416
172419 7739
685549 2286
57590297 7715
4996282 2965
6741 141
53243237 7653
17544765 4245
43271624 9580
20635000 5814
76445327 9857
42860843 6762
21519 207
68417970 8970
15389398 3940
3771752 3232
3737817 8364
52254490 9745
289770 1007
2044311 1497
197940 926
24599716 8068
2209795 5365
264078 771
34417479 8585
14381839 4870
8990652 5377
142817 597
155401 423
1057765 1354
1637698 2167
1145260 1166
2405536 1962
6942850 3439
16435524 4464
1354149 1424
1901035 3858
35113972 9290
34701153 6470
31807731 9411
3347006 4005
7849514 3172
33721787 7027
13581186 5143
22714446 5694
830008 2964
1509500 4769
27160775 7129
7738772 5227
1661016 6834
2426157 1959
37695525 7888
429515 1565
16114857 5833
319872 608
1038 71
14775896 5336
7581331 3427
5907979 4670
7743051 5194
2707260 4233
57812548 8789
50202952 9136
1508778 2795
33963731 6528
22437 406
11194578 3715
568000 1352
41216168 8109
23755802 7888
6820483 3007
52317521 9944
220009 877
14180377 5835
59054321 9813
1386777 2033
30338334 9518
40699796 9804
15787740 6209
3003698 1891
41129033 8479
7857635 4370
133163 672
43250481 7959
10067974 3287
74818901 9443
10834282 3730
1760879 8068
27685538 9170
241439 4820
2203555 2638
794647 1279
15618486 3988
598812 807
35326189 8034
41803781 7505
17907559 4404
1607181 3210
20519933 6495
291438 1300
5961791 4065
44601743 7235
2596068 3016
29987475 9798
1007205 1043
2033090 2435
70249594 8439
5016998 4074
8861054 4375
949416 1598
84194 906
79614543 9377
79425 898
10726474 4068
28701283 7377
24495667 8557
29221414 7723
53827955 9154
3185271 3293
18505035 8018
3731599 2146
29737894 8430
148767 1331
25583379 7704
57409215 9282
27145028 7615
18947870 5138
15978816 5630
2497759 9843
5137106 6266
845397 4041
2035 53
260926 2199
39274154 6536
258425 640
4505537 2635
30627103 6099
51665 332
17357259 9566
6996324 4006
2723951 2313
33131996 8334
1427105 1547
18678454 5612
2021366 2661
15756241 9151
1536191 1535
2071484 1512
66737 312
6998955 4786
45849855 7904
153317 1212
184448 2060
3485551 2379
1753071 2024
2218945 5537
12927940 6293
28797501 6222
3623144 2333
2648665 1648
50996025 8961
112742 1612
948827 1247
374127 821
6283347 2901
11299274 4560
2125523 1733
820433 1815
34494040 6166
61934773 8394
9833057 9079
40009404 9546
725167 856
4125627 2362
2545157 6437
70887441 9090
9617148 4145
2341078 4359
3272969 6255
1685301 3080
1131377 4725
24578991 9610
406087 1784
9881698 7528
4587124 3017
35464094 9064
15820474 5206
13938524 7485
7421455 9440
29727765 7083
7211 1557
48505514 9741
44554851 8059
722840 1124
18918884 5006
6727163 4574
18319808 5919
15036969 7974
2234109 3317
63683536 9298
6627976 3220
1247485 9786
47788662 9297
20202532 7291
1292080 4103
7132271 3918
4805763 3930
33209349 6908
3674250 2030
21449075 7599
5258727 6656
10334496 8946
2127220 4007
496535 919
3112870 1976
59253457 9337
11827165 4867
683345 1297
295292 590
1350267 1247
4426413 6952
33832515 7445
77386 358
2509328 3808
31346476 8078
81486294 9858
37112410 8651
1433 49
21182063 6471
5372410 3017
278644 5244
2988883 2308
13961917 6648
22759858 8066
206166 1767
19061592 4370
56574905 8847
377 34
540095 766
601068 1418
73972 5958
7368850 6632
62957640 9845
474968 893
789072 1106
12406930 6666
62225940 8356
5920964 3158
2092360 3763
1811019 1720
2022516 1546
14787960 7827
3929790 2519
13398872 9676
30169940 9109
74230219 9101
2999158 1816
5980190 4387
17173440 4739
7136481 4842
9070931 3576
20159120 9374
19349 197
74103893 9428
5296577 4923
709092 3860
35 20
21785788 8447
63290953 8462
117572 1192
6346454 8175
1443221 1900
27209 215
21043620 6834
594537 3822
1100921 2343
6317335 2775
3863270 2721
18110243 9191
19459701 5205
1314703 1603
5979000 3381
6926296 3445
45813484 7113
7557352 3636
19259138 6822
587330 1023
184482 594
711074 2257
6 6
4717994 2261
2372332 1545
2440 54
102038 752
13172681 3681
58194412 8959
1984886 2260
28014162 6522
8245195 4038
157341 512
9711936 4566
15678 220
1390685 1341
54436785 9004
17526554 6489
19554008 6203
23803631 8573
41720 599
22309770 5124
2945882 1728
20329300 7238
33599869 5852
977570 3808
2108661 1950
610249 876
406654 1191
1542153 1602
1033812 1493
20278838 4906
6810901 2953
14392736 7025
1418191 6301
4153404 2206
2013810 1612
25530154 8635
690562 7076
7616314 6818
1554595 1681
596256 1955
23126215 8590
29727821 7463
3900020 2083
28513285 5355
4554939 2290
6816644 2709
24767003 5871
21947550 5560
84834 363
4563621 3314
13248537 5718
10595609 4180
2243305 4239
5545188 3642
26381016 5174
11816735 4327
6372185 5160
12234991 4866
8815797 3792
3256452 3180
13914033 4197
37135018 9627
17439503 5000
592872 1161
33605216 6041
2956378 4784
28124848 7038
738445 6973
2098880 2295
592217 780
17049488 4181
13050347 4715
50148940 9664
15271249 5935
216275 778
20016145 4499
33497270 7695
89778 341
8225965 9780
10267656 3947
650279 1996
18412705 6470
1752856 1635
4190333 2545
1841892 1480
46744500 7930
3694 174
33823131 6187
14506900 8923
4440939 5665
6851225 3640
125511 1720
9916610 5012
78998903 9660
3937601 2485
791408 1554
76647398 9054
389404 1092
85809 361
49516 2626
713808 1027
22114813 9561
34110123 8317
822439 1444
50117127 8078
13975096 9865
11565552 4750
65016 6686
354620 1852
89109 2344
11900826 4946
480 29
6333051 2524
13242 138
38241672 6705
3400193 3845
2025260 1465
3294579 4132
3888238 4777
5954948 9826
821886 1220
2254051 2741
5468880 2767
25952795 6033
10986099 4691
20762728 5086
60863 859
55114175 8067
15859554 5574
150952 6993
19947946 4647
118953 2511
6643032 3014
11399154 5554
5322678 2874
3097557 2120
15244458 8119
21550890 5000
7208550 2695
150150 414
8906486 5293
56611871 7993
39033793 8060
289515 1262
3302153 2100
1245665 1181
27404814 7049
43438454 9956
3484964 7328
1813529 1880
45689490 9841
57103 325
20553073 5422
15365343 4776
65589641 9300
38190197 8738
31316970 6331
5191497 3259
3336967 2501
8877201 9646
2428290 2894
19545691 7579
77068557 9066
38413311 9012
109302 342
10794 1194
6297517 3556
89216779 9689
27009567 5588
46601578 7407
31445595 6618
63422072 9639
20560104 6456
1017130 1062
4533080 4412
9749263 3630
2788345 9605
41360441 7351
918098 2103
9946597 3781
1399135 2887
496803 1970
124302 377
4194795 2944
17041988 5309
1662101 1345
468509 1911
407491 6255
9256448 5372
41906326 9918
34880273 6718
3827609 2648
1436745 4264
15608151 4379
4732565 3323
1537665 2770
17076 218
7384041 4524
40929324 7444
19569169 6187
199652 571
4717842 4049
37258525 9068
37600454 7687
209311 567
312422 924
1948090 4548
26426482 9417
6911550 2664
6842003 3958
79229336 9057
17049402 4793
62599 1517
4644118 6918
14598847 3865
1975861 2032
11706389 6166
3387771 2346
15160493 7021
161466 471
21877639 5156
6026822 3639
6787951 4190
11058 3616
32537296 7225
2193972 2583
132980 434
14002902 6545
2521258 2193
340352 867
23751732 6880
178483 1051
118671 775
8317555 6654
4582083 5908
8060343 3346
8433933 6298
30849914 8120
7479532 3167
30788712 8325
5326873 3174
46470952 9963
4749565 3985
243173 5164
2276454 1720
128973 407
19397755 4725
1024089 4904
2331503 2015
7121282 8564
1561696 2711
36780113 7071
1662032 1365
4409284 3040
199346 856
104453 956
15471138 5271
22662073 7710
6499094 3958
4889309 3026
28437948 9270
48561505 9478
19970563 5576
11638065 6690
62475200 9305
27524738 7843
32842096 9093
24208774 6424
2699032 1900
58865487 7691
30312968 9113
7854794 3018
1858381 1778
368570 783
7732065 3486
5249269 3644
43617939 7117
24889761 8939
70806919 8742
217104 735
69789007 8379
81 11
1239074 6480
73908307 9996
97927 360
50248202 7906
35954706 9576
152670 486
30687205 7851
181561 618
56102972 7991
61463440 8690
5070124 5694
11519646 4123
5019297 6948
1403128 4599
40603332 6898
798486 5009
17277372 5564
11576402 7763
3036516 7955
27748 282
28472 943
2333683 2464
4099210 2290
65604 1038
3574669 1928
27 8
43725574 9230
62798811 9082
122880 1411
3426515 3329
3916298 2308
14739956 5901
60108 264
13745919 9762
1632449 2511
1701221 2525
1692376 1819
61412676 9877
5191817 4258
27726367 6925
4894670 2727
43201589 6608
1764975 1932
8270223 4161
1466954 1343
210589 901
1051981 1347
1590124 1983
45946647 8351
3234477 2003
47321658 8512
4227513 2143
5507959 6906
10753875 5821
9537772 5589
23064015 7352
17099286 6990
102378 2272
573556 1928
1731199 3003
5910920 3479
41822458 9463
32236643 6787
12932868 4684
604611 971
3174413 2355
27458857 8867
54585493 9557
29567997 7073
80071414 9781
1899559 1406
1465537 1482
52027424 8888
1168439 2532
40856895 8019
36538469 7343
14400656 8804
3304649 1913
45098 842
38483406 9036
42201773 6583
3097915 2026
2145358 1624
44399800 9577
24238921 6636
2016152 2445
693888 1294
829379 2796
17085749 5229
67606560 9482
46130060 8634
42916598 8473
25538645 8738
3875621 2223
17757390 6328
544040 4018
25517635 8830
24543 337
286346 1157
603467 1731
21578899 6215
934662 2697
36483597 8827
41234359 8345
95434 526
15152120 6016
1072864 1897
11282484 5916
37824 759
32323 1366
9981688 6201
34620588 8445
1104501 1593
1330362 1743
31414583 8794
8126441 4505
13001286 5020
13490163 7982
965753 2192
30714086 6869
439182 957
2341286 1714
37193192 6242
264791 551
2871264 1799
22813433 7648
878382 1390
7614645 5228
22466 170
2795709 6183
1757575 2334
3241 146
12207779 4260
27529781 5759
5094665 3685
26511057 5248
51690378 9436
67878 424
2218480 8283
55183 515
848966 1106
2895462 2069
5523298 5864
27517903 6142
5521859 6356
230690 3312
355837 1103
12720973 4439
21578405 5539
7074425 3839
381542 918
445810 1080
3725166 3466
1998526 2830
758924 1201
3770590 2666
2699 301
37188606 6427
4460197 2274
329388 1637
38197752 6288
32483402 7289
1552549 1592
13806412 8735
2155764 1488
26697512 9075
25375 200
2729195 1911
2124208 6302
15860 135
16671274 5363
5822 153
124711 676
9254132 7022
25131019 5334
3059323 2834
2006291 1620
880136 1026
1997302 4741
35810861 6955
6855039 6936
213571 491
7299 507
232261 589
33701142 9260
17421476 4952
42215776 7858
5909633 3864
24502199 5481
821939 1100
2137221 6907
60549207 8557
11757 147
9288467 3738
76949 463
31660374 8714
67060318 9546
4955069 6277
1430670 1326
29235432 7272
31955975 9556
13907320 5001
6601994 3658
64034285 8343
11858770 8891
524455 6642
65301677 8845
1014079 2892
207404 1438
567342 3532
7941686 3808
4171564 2456
14331682 6547
66183985 8605
60365 1058
478256 8114
7610790 4269
798773 1222
10618 138
150651 465
2491928 1622
27810802 7172
18343910 7504
2946854 2198
10241015 4122
15482950 6632
1662 49
4717480 9674
9551408 7018
3106438 2296
23481712 5975
703766 3942
21698797 8176
661460 1458
18769528 8810
16478465 6992
32159901 5996
35048738 5977
51652368 9368
41204564 9905
3388644 3184
18656219 4395
38980747 7516
54233039 9724
7467490 4192
158304 717
29144417 5848
2089428 1709
119450 512
32430525 5804
15113588 9849
15542247 4391
51475001 8253
3045907 2018
40663 568
376479 755
25906699 7803
193979 883
42658666 9347
10425787 6820
3136995 4961
4753605 2809
264231 7346
37392863 9294
32 9
1874906 4180
2669284 3257
451027 825
339921 824
7275464 4713
11504489 5827
6964528 3909
638020 1992
5327086 2648
2727708 1876
19011059 4829
187387 9392
12346476 9536
2927262 2445
40912829 6965
11844495 6102
902603 6668
13392304 3938
3485318 3178
38241493 9066
4871393 4855
13800188 5773
802126 1647
22404 206
1336265 2421
5955305 2484
65193 2627
9972358 5805
5507771 9241
3772505 4595
1590228 1600
18238568 7877
17240803 6094
57346142 8437
14868428 7399
55425158 9129
12985550 9944
342406 1434
5295745 2482
25542785 6311
7472613 2788
38071794 6342
1939505 2214
25890 271
2758687 2426
38650653 7142
15260175 8706
713868 6918
791 32
40424579 7235
14661062 7186
377637 1896
52418994 7880
638490 7090
4949343 4289
1306828 1990
3278762 5426
23575976 8696
16172755 5178
2413664 1690
53570529 7657
1199757 1162
26760158 6668
400361 711
76710285 9482
17181715 7030
18718450 7106
812149 6385
7050673 3410
526608 909
37207202 8537
386555 3464
14980008 4230
3159953 9941
26198744 6376
1937005 2977
54963306 8590
19757528 4974
1809921 2636
47748665 9374
41927 352
67169780 8592
43902399 6834
677304 2614
57628083 7924
12980099 4441
28788842 6202
8248043 6023
24032194 5102
700610 2355
622643 947
2246629 1677
40823929 8750
40859065 6442
971637 1208
236634 745
56953581 9320
9147991 5166
2752829 5944
1722799 7758
17964339 4253
3289579 2153
9868275 5322
17679761 8529
395418 748
57755449 9601
29084078 7426
1594746 2263
34996 217
11359093 9701
258335 2008
51776575 8755
31037108 8669
1639701 3090
34494458 8143
13712 133
7298883 3672
6192311 9256
515787 2465
18852897 6825
53050 457
4613724 7382
8840525 3673
16478454 4535
12962674 7853
72986082 8567
2816482 3913
54035702 7976
216461 1605
250074 1318
42947793 9958
86188158 9791
8976443 3478
6417 132
5790484 4183
2127635 1576
738594 1022
1373281 4590
18222264 5522
5698926 2583
228050 1338
14483144 9377
58349 964
6332198 8107
18041306 4277
27895697 5371
17518651 5522
1597639 1403
776587 4000
99765 1705
9361847 4588
51169293 9449
23864159 8737
493556 1171
5331500 2711
42129 407
14152429 4933
33604022 7177
2054624 2703
24032752 8502
1852125 1690
2481364 3526
550181 810
74511370 8732
51320550 7836
42082 209
1307884 4024
34253915 9865
24240985 9205
1217530 2075
51336371 9207
5760510 5318
376206 631
703867 2454
28076328 5641
659865 1016
48591678 7482
18029804 5207
53266010 7874
11785112 4744
546275 2424
1101846 3457
36310598 7751
3574323 3938
14224996 8225
4653649 5110
58013 243
342161 1911
8006210 2926
6724213 3423
1345288 1936
66823074 8952
94931 400
10752639 3287
26599917 8534
234052 533
57373838 7603
37647372 7591
21335494 4632
2643 104
16097104 4926
3309035 6010
62377515 9858
911654 1557
12937895 4179
11656888 9996
976312 1399
20877067 7153
23529731 6846
20742744 4708
5006255 2492
917499 963
2819953 4312
656887 4924
6652293 4688
81286511 9194
8467423 3776
21149963 6832
13226573 4056
9963392 5821
17581673 6622
25705297 7184
3515507 2410
32113813 6495
140855 4028
2183361 1663
7293582 4899
15290264 5290
24767156 6024
266878 671
260638 572
3404916 5071
30319997 7158
3726987 6587
12033890 6123
43264988 9308
12268708 8262
7143414 3485
426 34
2510337 6742
20763804 7506
23026763 6662
18988341 9491
61617980 9454
595195 783
52069105 8022
28494209 6234
2395297 7449
2779 159
523260 754
11207585 4771
1974892 8615
5129963 2677
2072255 4302
26624660 6921
3909639 7171
9983446 8224
8443300 4834
2631102 2824
966 38
1951064 3755
1143301 2115
2810 67
504735 880
47529 353
291402 784
17785449 5034
428995 741
41061835 8240
1578370 3119
33084 2559
8309923 3312
1748 72
407074 650
18899961 4606
2609038 2104
75794365 9253
70098 631
82789 782
46113806 8686
40962596 7052
24118042 9185
7623301 3060
209485 922
3566435 7929
20490795 4900
14008248 4708
773857 2007
35334207 6889
1477883 1330
234748 842
642258 1505
107125 532
36482168 7775
118500 561
4049400 6947
3747658 5535
83262 697
691413 2013
10108979 4939
14113100 6882
76379412 8944
2244464 6434
36229413 8153
118807 1726
61586572 9695
2259958 3611
10208109 3271
29842052 7338
50037224 9346
9901759 7603
6076981 3432
1260353 1281
8293405 4015
51694069 7977
3766945 3067
4763065 3860
7236674 5061
85287828 9779
4658842 2559
18206302 4942
119871 353
54657650 7533
51959 576
1905506 1839
6828880 7794
5419537 4272
1314668 3238
16311228 9204
70192672 9100
1511973 1419
295755 701
40698505 7148
32945458 5858
512706 1116
45053 1435
7762415 7904
1380979 3629
25193013 5116
19209153 5912
1140 60
36200707 7849
62023890 7975
3348267 3857
30961239 6237
159342 577
19499125 5856
1026326 2312
1120691 2134
38530738 7930
2167199 1481
22865258 4817
12932974 5550
433933 672
1394370 1540
291193 614
25846237 9460
169024 1043
511600 1530
40912 247
585372 1662
6767098 2787
47004380 9884
33132688 6522
7850099 3861
3170003 4148
2837898 2494
37283222 8297
21454601 9509
4262149 2940
6101482 6119
2447772 2692
2083488 1518
5979943 2986
10917314 5164
17469664 4340
2587715 1905
36949 994
6743216 4189
6829451 2840
6904179 6278
14367046 4279
21471 2255
874590 1423
33381260 8461
57509 1734
6877985 2656
11289592 3579
13167071 8154
48798302 7898
9013648 4654
17480762 4566
948219 1449
2653929 1992
26998 215
1298352 2278
84958564 9249
401620 1728
19042866 5684
1279173 2764
26050034 6802
56991990 7693
526826 888
3778793 3196
34370499 8785
24161045 5891
890603 3326
3963257 5354
838380 948
41996050 8067
35507615 7744
2731560 2987
16089769 4456
15752768 4715
1670930 9880
83760254 9436
18158750 6116
28506678 6995
1881588 5177
11601043 6689
281400 1754
1834552 4703
47609 744
265316 550
8041 915
2685569 2079
34957530 6363
6759831 4764
4181832 2963
202847 797
14104375 5020
73924928 9387
33948669 8288
65482415 8630
3164243 2077
12712735 6720
4624978 3574
254031 884
1569698 1388
390522 690
1677108 2617
8712458 4170
5202617 6900
5536865 3570
1428850 2241
65569895 8585
65907449 9693
630420 911
7482843 3088
11289940 3372
1090785 4563
39986600 8536
19328768 7058
84314068 9301
111732 558
21042167 5863
66179 654
11683088 5198
283982 682
28986182 6039
17584234 6502
3762382 2288
1052232 1274
95621 489
190054 722
2912169 3281
4900681 2392
27988546 9484
752295 2223
18485476 6561
1008149 4719
30010843 7444
18089682 8849
86213062 9563
19953198 4861
69593741 9554
4863155 2619
16876481 5636
4894296 3462
1351544 1205
4942701 3863
1834638 2894
19931042 6324
33137 195
5265377 2734
777604 1056
24868265 8518
870141 4271
23379532 7838
2978571 4180
57 10
8278198 6756
40263975 8785
422863 1425
1809545 1658
4938494 4473
3006331 1878
64828533 9844
21069 151
64755108 9082
25841151 8487
2649 264
5456097 5131
53639442 7711
3787185 3726
22041687 9639
106666 442
2031836 2837
488979 3216
52040501 8228
4839857 9397
9645566 4555
49191882 9508
33224352 7160
37434630 8801
43919225 9660
99086 2072
36098316 8048
10040863 6604
27909469 7295
4800581 2338
19095716 9748
5567821 6798
32261497 7272
72035685 8920
6417279 6602
54736100 8161
15724 294
29630301 8891
467833 1656
54149928 9270
1193641 1146
15501240 7984
90051 834
3385229 3654
356463 2447
14924580 6785
1463513 2132
27605157 5283
2331910 2236
2505522 6289
1482644 1910
22909848 4934
11260554 4624
1184845 2120
4031919 2896
4428557 5943
728074 3533
1280559 1339
8133864 7109
15927687 7673
2447856 2553
9959730 3371
27203153 9421
769725 1888
104057 429
12627176 7872
41726670 7734
2895030 3662
17085231 5766
4537939 8813
6341750 4380
117618 954
4765118 4339
7379624 6518
16347109 5849
112978 535
3785658 3147
6729496 5819
38838409 7111
247171 1084
23897753 9052
729005 4290
27522445 8173
1665098 3941
3464489 2281
3381027 2031
45834 274
5542196 4527
8829418 3663
3018251 3101
636480 1015
83617966 9362
4859180 2642
5574950 2853
8149460 8612
10160078 3384
39189128 7654
1351828 1243
27620754 6237
13586605 8580
22883390 8142
2919283 2493
753935 6032
2462086 2001
429780 929
5060014 4527
338297 1624
15545994 8016
12235307 4623
2360319 2422
24899710 8112
11619762 5143
114141 412
113079 1526
4603276 2808
8517016 5066
16644642 5038
4150239 3384
257019 702
392352 1384
1253670 1612
2434779 5673
412105 2384
25272 195
113778 1810
1259111 2056
43814999 7858
40522912 7784
6096294 2870
22964417 4820
11195932 5042
1099159 4233
28067535 6317
22454336 7358
26696171 5306
2895184 4822
5482054 3434
54860965 9864
59636 422
40062155 9231
3573307 2228
1200273 1986
14003153 5455
19687 377
3020346 4243
74074 2492
12903917 5885
75112 621
905981 4842
540930 1343
77109970 9043
856958 1727
9973496 7530
595985 3670
1609060 1463
35624708 6236
2418282 2065
13674006 4939
4292278 2818
2131306 1639
40019452 6915
19519131 6257
42048 256
97891 1147
1447895 2504
38765323 6311
106790 460
12084850 7439
7920561 5196
4520591 2244
15183708 4351
80212056 9306
2769957 1849
23945250 5374
18927869 7355
16267272 9742
6718996 4300
27082451 7989
14550011 7880
41159116 9350
217341 1397
59217771 9317
415543 2510
1499707 3602
833455 1281
16017775 7453
52112312 8335
4621571 4451
7753810 3178
1457219 2049
1335762 7043
1719960 4322
10524272 4786
814661 3393
1826019 2271
13779488 4626
971160 1119
2075657 3274
200121 4867
25663325 5147
162245 927
8963061 8785
26806913 5922
11365592 5365
26866275 5467
41411526 7253
47870486 7154
2942435 1817
51426693 9594
26094872 7345
4722081 3554
3916499 2009
17256204 7719
2363307 1747
4298100 3425
8916158 5108
47651472 7975
607101 911
13080471 6270
9058904 3791
2321238 3789
252768 2170
41644256 8106
12360379 3600
11498931 3956
11581564 5924
25959 219
852064 8084
15680303 8226
21334880 5970
5669014 2590
8696371 8844
17591021 9481
69859887 9584
13554077 9154
122814 970
2132580 5606
7776868 3314
1936829 7757
10581489 5217
60451 512
8749736 6186
72018369 9176
20105659 8557
11314471 4593
5146361 6864
28729957 9240
40871 7172
15386843 8553
78447157 9227
662 39
1662593 2431
8494661 3076
11361221 5117
5090280 2585
20273010 7285
5101332 3272
27601 966
862664 1957
1591966 2487
59345 439
79461 375
1337556 1692
9045784 5042
149727 2209
17626505 8259
2924257 2356
211573 570
15661841 8102
50080167 7489
6218157 2750
83447644 9730
40823965 9911
8673083 3106
3070108 4200
6747038 2628
2197936 1670
2426679 3934
6336723 2531
2560108 1886
11084351 6431
403361 1122
45946508 8701
2079035 2206
67112 757
4423467 4505
19465541 8286
4957360 3248
619819 1286
1964757 3037
45294965 9633
1088991 2458
12832905 4891
38082594 6258
34266238 6472
8943966 3077
20560 151
6707333 4173
2032098 7009
78565681 8942
9772791 3775
75286 300
134286 834
1908190 2421
2605250 2039
4737212 5780
15541108 5137
3797693 2623
5287907 3581
29755411 7685
18160670 5429
18070764 5833
14277810 4730
3406792 2714
2500056 1727
32333737 6949
2883877 2641
15138021 4974
41301239 6478
35261 518
22075610 6251
737553 1302
63807033 8578
1531030 1846
65783846 9268
1858976 1644
58630574 8019
62556 2341
17148 172
33853875 8543
67549433 8887
2654945 1759
51540562 7867
21006089 7725
67770 281
84358 396
10631622 3608
8614009 4853
28418443 7234
152695 609
9399438 3835
68888417 9429
4326869 3532
1210715 1212
12972367 7942
34404808 5877
3891907 5635
1407471 2494
20750526 6743
10521751 3854
205191 772
14131694 5398
140036 579
68943536 9550
13545849 8402
14295287 6492
9243445 4570
19627599 5573
8591891 5320
153610 611
17666901 7172
74 12
5503404 2499
25567679 6673
331340 615
70385379 9555
52580455 7258
1728963 1932
15624834 5489
7890716 2828
76364628 8919
239567 648
1539794 3698
799306 1503
9298579 9215
1777262 1378
3185890 3046
8068363 6011
10936464 5692
30446647 5550
12082639 5510
160685 611
47283142 7113
4302152 9802
578716 820
46774909 8997
16397064 4675
9688950 3127
24435636 7883
539443 897
34641520 9703
17677356 5712
16829 208
2516482 1842
53239 1078
59856328 7792
46671095 9998
32353117 6602
9294353 3062
12750652 5357
8370111 5481
42093846 6839
3779915 2904
212450 468
59951 530
2359963 1705
7552157 5544
216405 1408
181468 1166
4880933 4258
7938812 3112
5780538 4833
35486693 6363
5525 178
3703367 2140
49643695 8475
2184167 1569
1417486 8261
5631225 4475
22948032 6028
10414817 4062
26017447 5927
65792 402
100046 1086
333054 2473
3412575 4719
2681748 2151
3226192 5658
51443089 8443
22344690 5145
493224 1324
11149372 4607
519951 1084
767497 4217
2806557 3410
6432056 7012
6551712 9449
6935249 4419
1141386 2359
54112358 7541
102148 353
52256503 8061
153468 621
760657 1050
7782501 2824
62651281 8512
45468559 9263
1167939 1767
181069 457
309272 601
31584556 9168
51243 365
2847 1273
54025587 8338
53401086 8983
33141 216
42286936 6873
465791 1186
737574 868
10054906 5588
15318086 7788
7488728 3598
5172351 3579
131614 892
5342859 6723
5553429 4147
6725184 3394
97433 2004
138822 1676
8987435 5057
26461358 5739
5169615 6073
36374742 8363
21577 617
1497743 5230
17743141 5792
28494236 6169
33067087 9823
4677381 2585
40784129 7296
138705 376
1042150 1127
35288 526
214708 517
19866587 8220
1259365 1276
2925386 2151
15299617 4976
7577556 3245
12236852 6748
3822556 7772
11014539 3786
115476 1528
57409 292
292753 929
17074 3803
763983 981
6720475 3228
2430137 1767
397011 823
24664856 6178
494483 1715
2575275 5775
38998030 8899
23753178 7107
14513548 4192
39927068 7133
4259287 5430
5178835 3775
7659905 4896
14458613 5761
14836549 6633
1762003 3923
144732 702
10553308 7373
9896844 8420
87420214 9705
7539315 3345
2770902 1715
5328021 7293
419910 1121
11143 6000
1072446 1038
794260 1228
783512 915
5864547 7353
19674679 5148
48267983 8545
48309097 9357
7903813 8248
2634860 1728
21265955 5291
14615190 8028
26035937 7402
1587776 3233
27181821 7974
51876728 8195
1013421 1252
543108 812
347015 2773
3705287 3551
4631764 2760
17859277 5910
28782011 5839
22864692 5066
12596106 3712
9490096 7282
707010 1348
190152 1067
50733255 8070
41897577 7391
639544 1925
66504 1410
32214442 6496
2115636 3117
7613479 5331
2457711 7739
11947851 3497
42924 363
3474 376
70659165 9843
2566092 2304
1656881 2430
1562043 2011
4124553 2834
4419017 2271
730850 1223
14459777 6411
6963511 7387
23331744 6114
9842510 3916
4734572 7068
41600702 6723
1602834 3471
16527785 4158
23363440 6583
33071092 7477
7660692 3068
1129 994
8216558 4112
22148327 8176
5759348 6115
728659 2910
46260523 9229
30851440 7501
425620 2099
52607091 7977
10622202 9955
3878116 2668
3747413 2901
8936159 3033
17571551 4596
1437804 1800
2091657 1452
6906625 4537
28611376 5684
4853994 2292
3397718 3044
18488861 5196
35890961 9043
4485891 2928
3040027 3294
1044035 1174
30311244 9563
4766366 2283
22488822 8110
4857495 5086
1881324 3365
1904375 1761
17028459 5203
38855090 9090
2877570 5196
48203 231
21308 273
176347 1006
26589022 9625
65572622 9717
3093099 2414
3883002 5543
7310687 5404
44062695 8564
11365734 3546
20837 304
15247102 4902
84354535 9838
938011 1945
9066 227
251219 1349
44173 310
51404 254
4986425 4064
9147484 4647
33110712 7207
77820698 9157
13048 3260
23979253 5170
665020 865
69689668 8782
67 65
734708 1847
13181497 5438
11379716 5075
2770411 2563
6598098 5079
4577728 2512
3082123 3248
20201893 8423
5187194 4691
12963064 9745
45954590 8903
10397383 7245
66960330 9525
594839 2729
8247649 8881
10015204 3325
108482 593
1653334 1624
137143 783
9219011 7623
7517878 4922
15492280 5219
16551214 5449
172662 746
486315 2048
25094519 6770
29742 268
2450275 2363
5491346 6346
2974115 2533
32185685 5839
15192050 3915
18725626 6630
5349712 2969
169984 1168
3895692 2236
219015 680
3827290 2511
31628426 7108
142071 2592
170016 502
1296142 1761
4847976 4895
28300880 6027
808547 1061
2311376 1880
3264301 8939
84904612 9483
58297171 8238
13662509 8402
2066487 9039
20784139 6371
1928287 1548
62514 337
644353 2879
2144959 1613
7102 125
136086 642
15575674 5038
30856139 9400
85618 887
47895482 9000
6235523 6211
19778682 8251
8453342 9040
28729694 5730
34588399 7707
12111943 3783
17792040 8133
39256123 6588
2411244 2168
21932 499
5767236 8734
42915584 6856
19547609 6674
504352 787
38388815 7960
6143159 7165
8118677 4774
9558016 5733
7842264 2805
44624109 7245
323889 1324
55468080 7618
32551377 8358
84403259 9510
16413456 6143
4615356 2606
3540575 3362
10054195 9212
21393305 9300
12265513 4030
21920869 6908
5692143 2522
1554487 2298
4368864 2589
52195555 7674
3646483 7588
156580 787
804645 1057
10308109 7245
602270 7203
8441864 9758
4081780 7031
1431451 2244
6334660 3063
5443432 5171
809878 1931
44317827 7405
997650 1944
18982571 5684
1105634 1365
16005200 6521
26880556 7699
295435 2425
1185316 1251
17389978 8933
23796612 5473
13712064 4314
2791922 2010
1703827 1856
21915691 5368
37479190 6302
11636631 4634
5422250 3423
10536048 8660
3285537 3079
175851 1557
7643087 3957
28664906 8222
854095 1122
28876820 9968
7132178 5366
365783 1794
1791750 2247
1655247 4982
1344781 2810
6122409 2556
65184 390
18912131 8599
22089361 5788
22065624 5660
15905 1997
24796032 6350
4242390 2787
2928812 3466
1527477 1772
61509 325
10486447 3292
29393687 8703
25882034 5817
66667161 8782
29337875 5752
36027245 8910
3577598 3920
43477586 6664
877397 1431
48295354 7970
1057659 3003
31814334 7688
6086740 4921
24578042 8130
15116200 9627
68333761 9060
5971647 3512
15092004 3888
6691189 3013
6567844 3926
80982 1718
14870878 9990
7484869 8081
1157921 1448
5017317 5942
394847 1080
24565061 5059
5696 231
17274586 5049
9012371 5169
63815657 8984
143523 524
61766 668
40990 230
63413449 8996
28256979 7009
11017805 3582
2607335 3798
13546213 7445
3774975 3195
1253555 1155
34829613 9871
9374401 7540
18691368 7528
62365 434
371339 846
18458866 9076
24652360 7268
16336874 6363
38070217 7558
11647974 3690
1588257 4118
3799119 1970
1654084 1404
8885844 3083
4411390 2633
9479257 5478
2214038 1502
544 26
163341 440
38626930 6810
26920916 5918
7549065 2765
513687 2372
3622479 2295
46119313 7163
71388754 8773
27801841 7558
1307676 1153
703653 911
211822 4030
19521550 7141
342797 3702
17846453 4326
28197134 8747
18044637 6629
33908917 5963
25109 717
32245543 9652
10513201 3372
21287566 6150
25871 194
5698849 2490
18424841 8154
1013606 4953
20155319 5300
31677419 7635
28287160 7495
8410 113
39149566 6324
26767052 7513
13474559 3982
6451179 2735
3466 197
260998 2002
743978 1795
3896155 3071
77130259 9941
1142499 1095
19271053 4757
3796129 2653
12321337 3612
506011 1016
8609145 7376
147712 511
25778274 7383
428693 4145
1796955 1778
34042469 7035
87998 689
17373303 6174
2517538 3772
74410956 8769
70169577 9711
8655132 3093
9147913 3758
1309875 4885
1205926 4346
1900095 1402
3772272 8440
107249 336
15555090 7147
12663067 7502
66452278 8537
12315851 9202
1396517 4962
42245 222
6641286 9558
6034623 2666
87539 3981
9462201 5703
1098697 2495
3117387 2327
3010261 6641
103797 378
168726 1505
13839593 3902
47771836 7306
22602101 5054
17176026 5991
673291 2005
6068415 3410
398011 876
54297850 7493
41775142 6555
18979770 4583
5247137 2980
41808706 6543
18856302 6035
24803334 8127
1389524 1451
57805837 8271
70540843 8634
73369807 9999
6400992 2663
8075466 4133
86771689 9319
30680914 5775
393803 1140
6921064 6280
36639027 8857
31893952 6342
13815212 5043
92957986 9783
29521233 7247
528783 1662
62489905 8726
1956751 1417
27613996 5418
5845642 4001
9123920 3824
10320658 6300
121641 7607
58894743 8455
5422886 3400
577342 1182
1630495 3842
9569640 4914
219500 660
214499 1698
5405869 3836
6496524 3165
10735830 3935
5111007 2416
991244 5607
8770924 5891
21999097 9460
20767267 5909
374143 685
3860876 3453
836318 4777
51694215 8522
27531908 6978
29005319 9075
710430 910
311522 762
7390699 2876
6171406 2818
6407034 2870
70036337 9404
1772321 5820
206925 5135
31404534 8269
10792066 5966
59881743 7858
3741844 2333
23584612 8029
4426646 5769
1220949 1401
12063 247
2563771 2882
7834500 9523
645247 995
17595841 8451
50464850 7975
26130 1140
4626919 2177
78085789 9146
14098818 5397
1433661 1360
26291564 9275
23303494 5738
28161886 6899
2112605 1588
21136525 6021
32801999 7545
247487 568
1624455 7456
4661497 4719
1194264 1184
24283948 8686
15321014 4830
6165502 5086
18181807 4472
175310 5567
1062170 2263
794664 2379
6510893 8465
7321386 3683
3333098 9254
442980 2001
154267 1767
26516 206
61185631 8231
63346 269
1773157 1585
2767768 7329
33472356 7334
12325078 4599
50685884 7409
489318 1766
59114183 8647
5173 1136
1290918 1749
4185034 5130
23478811 5061
76410390 9752
45223 432
4115361 5082
13003787 4250
550481 1121
37444196 6426
4895988 2253
41629138 8555
54547504 9635
120969 756
593878 1137
5720 360
2833389 1952
13659416 9992
39662106 6687
13106438 4484
1816213 2077
1027096 5646
5556050 4207
50018504 8367
658400 1137
488905 2636
35022174 7609
29885274 7068
11886962 9456
41840419 8860
26390746 5333
5807204 2730
18589833 5125
8629673 3080
14402822 4505
58642157 8930
543 53
1374358 2505
5297802 3770
9891008 5084
24190155 6025
11589231 3474
95869397 9829
1507605 1854
11937678 5110
1877926 1603
844731 3088
9119479 6104
26369646 6302
1900163 1422
11038293 5232
22910296 9695
25643421 7279
26880961 6928
16920746 7490
25033735 8380
2141599 2018
395462 1387
17923152 4622
7455738 7920
14806306 7002
3833479 4996
71698325 9445
30787562 6458
69898297 8496
11920859 5481
1663904 1919
6165685 3029
31161134 9119
2560462 3522
1416454 2524
10134 136
8589234 3437
15932076 4180
260333 1212
11044638 8608
32875447 6363
4545507 2389
14463439 4448
4390116 2138
44291374 9096
3296923 2515
9852568 3251
427893 759
7902739 5258
875076 1194
6826 910
14781605 6286
1919312 2493
77901648 8985
446905 1583
6778130 3424
4363159 3921
342867 629
83724 2920
253421 590
27972452 5776
18430417 4406
838959 1678
4602127 3140
23545729 7273
66439039 9333
11298878 9927
193315 811
29100855 5738
16269608 4549
4137891 4708
20280 336
30219273 7472
24387525 7362
370428 932
1773860 1771
8470982 4055
2139349 4414
34950456 8200
34982427 7817
31031358 7323
2433139 1782
24316238 6334
41043862 7996
3025190 2197
37895661 6294
98154 791
1644522 4177
67663893 8899
37958679 8328
35353636 8367
18298686 8214
17662346 9873
2070781 2234
1095336 1059
204182 1005
23644688 6821
7980873 9105
639527 1149
2209343 1975
6349845 5369
9090 291
140052 492
748669 2830
45645197 8956
438202 2979
36299727 6499
3852963 5105
14913 501
29105610 7960
6550908 3289
2607584 2542
43976803 6783
4770180 8127
25964584 9443
16612295 4548
3006443 1926
670070 1093
14935370 4732
604999 3956
32157895 7065
4022927 2323
36641534 9434
17058674 4780
7162081 3755
2296627 2715
684593 863
27234358 5428
1527206 2070
17884878 9763
2835049 2372
7486325 3612
54237044 7596
26216065 8481
28915 591
16522982 6179
46870 551
53298026 7336
2498847 4475
22283279 5699
217823 590
40127448 8148
6288237 3577
2645639 5323
27198515 6165
33201 208
29281664 6939
1029857 2098
393471 1419
7524815 8089
14413972 6090
58599569 8046
83319608 9983
17435166 6255
464004 787
9030439 3623
7583633 5986
21733493 7637
55378 413
12772358 8396
658200 988
7834646 4329
60748745 8034
10865309 8050
3560457 3296
7956217 4244
15718428 7222
642497 873
1455890 1209
6247186 6302
176350 868
54647152 9453
5637001 3752
5674011 9674
1077164 1540
225443 2513
2204898 1660
12183845 4084
392887 991
34282357 6366
37001439 9907
76539514 8925
7588326 3845
182899 472
5039099 4001
1046150 5429
52176 888
3071607 3206
42834891 7970
16357800 4611
23026168 5335
249170 626
56485 763
25689593 9133
10111994 6374
10582895 7187
800516 3393
1943972 8509
9422514 7246
51243363 7234
32257225 6325
2814744 3497
708370 1044
971633 1837
6058589 3359
30168633 6941
1091662 1511
9260461 4747
1315736 1451
5502236 3586
11263586 5900
13114956 3756
2909265 5573
27416989 7719
52717357 9946
10875999 9532
6100569 9115
3640842 2901
8500212 8119
998552 1556
12101611 6715
45348104 9274
526043 1452
2893849 2675
5693212 3358
50043326 8278
14431265 3876
19264048 6370
82545718 9978
20217727 7475
19428419 4929
26543840 5999
132494 518
31293699 6970
22686 288
71184908 8988
23933120 7276
3094248 2946
14010696 8014
874124 1399
1571300 2944
17868546 5857
3285925 3112
6459671 3010
294517 3306
17600144 4409
843835 985
75759435 9496
268729 1780
19128098 7822
6785716 5777
9126727 7375
11862067 6503
1929007 3091
2099538 1989
2332660 2725
19229361 8842
152753 1952
21226343 8045
156660 516
29275785 9642
55741382 8706
56079023 9172
4129368 2184
21139299 7615
1371855 1425
18532502 8791
24945517 9399
2762827 1761
297706 1498
30672 213
39471970 7791
51700550 9986
6877700 8577
8193904 3423
32060592 7991
760258 2499
31429238 9742
25318675 8174
8749908 3358
99628 433
31868391 7109
5105911 2623
78293704 8937
44724451 10000
6154017 2779
22333322 4815
36145906 8801
1411442 2065
25130028 8101
14699 197
774191 2436
13575605 4579
5071406 2254
7909201 3519
3410435 2313
51875 676
20537343 8760
1231464 1112
23043610 6678
13156413 5891
35492742 6669
12097194 4675
6215812 3541
22912076 5644
24357448 5524
48016236 8653
6212559 4912
18716062 8146
80715 294
4055 156
15330374 5620
8448899 5513
212684 990
2458 110
24863957 5191
4449018 2709
3933695 1986
28116599 9653
39018262 6553
17839829 4306
56894 776
5663232 9879
17825082 4514
4714526 5364
2700561 2312
1330672 1695
2270914 1650
3333350 1964
6378903 3091
62874650 9487
29282210 6776
1044427 1583
770127 6129
261848 2613
16909692 6993
32816694 9421
313409 1009
75656499 8875
136725 657
64218977 8081
24907741 5107
14628 196
43430313 9521
25924640 8346
17809152 5785
53031059 7381
1157167 7424
6434772 2952
15433410 5728
4740862 6420
16576886 4247
23461011 6071
855607 7331
58947439 7683
71639908 9806
3841410 2635
17586021 7230
19822199 6511
40416737 8629
11118591 4638
8129611 4616
2090126 6080
9112778 6325
450629 799
4135549 3359
37336596 7088
4550115 2450
1264 45
79707584 9881
4618957 2406
55102656 8897
18029543 5739
10243 166
2284753 8976
71291822 9811
54767711 9475
8943266 5580
510767 721
19960118 6496
5703426 4665
10716208 4288
83766827 9664
8252791 3329
48436256 9860
11871 116
22766646 7987
431210 942
4848327 7071
10153 619
6653362 3749
24184506 8759
3993042 2185
413357 1303
5708012 6845
38791260 8741
42448847 6666
3279716 4322
965447 4141
641374 1278
444917 1011
23407 315
6879013 9689
957486 1213
21463 163
7145579 8368
48202589 9042
26182349 9971
4828106 4220
52180613 7773
21241 208
1402263 3942
3119895 1838
51492587 9313
10648613 4130
8091919 3976
76032172 9062
8654926 3115
6724095 3423
139739 1215
35527055 7745
19578 232
237227 1044
14745457 6274
26961642 6196
3724645 2759
24046970 8766
15603007 5344
35742289 6811
1152341 1911
6883452 4438
84016 799
558555 1149
10891968 3786
15041109 5542
77577396 9847
2523533 4890
85172248 9553
8184931 5903
45177298 9436
544880 1559
28808 305
3918394 2503
8675450 3638
1445914 1285
46557035 9384
457623 858
38092252 7877
1461259 1838
13955108 5307
54554256 7641
87232 717
26729859 6558
2685694 2420
231465 665
7161587 4142
48458 265
603467 807
3805551 2631
12956670 8126
388 22
76430 389
147992 509
2250051 1513
2863787 2395
15578967 5098
4849112 2459
14275607 3845
16312387 4628
209075 479
16019355 6922
17966934 4710
2637250 2468
18996320 7199
35024839 6961
30866350 7361
7629996 5431
6117286 2783
45414270 9413
28516580 8231
34 8
399789 1762
781835 5325
16607 214
34423081 8235
7340016 4353
11623921 7852
1505801 1288
81165250 9972
34940622 6132
18503850 4689
4563117 3095
1939217 2357
1191564 2057
1247060 2292
2957926 3762
3036679 7572
13820783 4033
658 77
44886634 7363
32950851 6907
17005420 4826
7988127 4105
10169173 8244
33771627 6033
2749098 3034
4931747 2295
8282493 3681
483752 2311
19534425 4717
5278680 2895
15027710 4194
46234861 7389
47005 861
4476825 2174
6794287 2816
49868625 7562
78134374 9011
26014197 6930
2389991 6475
20364876 4576
9766194 4409
2208053 5000
4563409 2485
939800 1045
15458899 5033
1213641 9919
72945 1068
4013337 3166
15708 2022
16271 165
2688840 2463
36993932 9313
17434976 5989
16563292 6865
16166684 8455
1857412 4448
3786324 2911
6792068 2679
33093167 7391
3 8
47129134 7323
9433 137
3681621 6427
8383373 4251
8005020 3195
2827834 7691
22949174 6754
13014046 7702
246044 4642
27334918 9630
4193345 3322
4125341 5316
2685214 2958
23766788 7419
58661002 9766
10459 7803
826527 5473
5545749 2608
1513090 1237
503011 3212
16644331 5476
14333034 4406
72282130 9100
18037933 7819
1835252 1511
48786543 9256
72784 821
69920 791
21044592 5255
47215 543
45910129 7303
1054010 2213
2003920 2446
38530639 6278
14650730 4328
1142903 2846
10415969 6557
71291269 9631
58555578 8160
7885009 4656
11068858 3635
3494662 2323
279076 834
40121856 7103
26002961 6859
1407497 1277
20463273 4646
5404699 2745
9441346 5350
8538383 9753
28816921 8032
36538906 8188
44970041 6906
18903591 6621
1353248 1250
6339934 2892
6801574 3076
8812795 5520
9468191 3992
7032450 4577
1465581 1808
92276 446
5747282 2904
3056744 2671
264915 518
17470133 4988
976762 1583
20410670 9093
650061 950
436185 1217
4760384 2733
8596573 4469
5588196 2533
585504 4342
31618259 5643
74369007 9623
48445887 8956
4994043 9697
2693998 6388
27598808 6023
2484090 1895
26042028 5401
34387241 6730
4412698 2240
4046840 2137
178029 543
5188537 6329
2410540 1715
10273 416
1622147 1757
46292181 8135
28253180 7325
15784506 4844
25992772 6861
29852094 6019
264927 734
105 13
11391075 3454
984076 2274
12245886 8138
3842371 2462
148766 575
832318 1287
5433182 8797
57491 361
1071880 4109
18457636 8671
1324878 3445
304427 8185
42661095 6838
4511129 2165
22327636 8963
75348749 9264
495333 998
1303749 1337
1793886 1499
1136094 1972
4042483 2037
43045532 6888
78538 417
949433 1850
1515608 1477
49515021 7705
25435609 6992
5709566 2737
61530513 8068
8074580 3603
1525176 1361
35856091 7995
1407338 1835
29576 332
21712978 7112
1055215 2171
3915975 2977
1317242 2540
16105494 4909
25164 291
29849137 7452
1045162 2351
15364324 6688
45514001 9573
12882419 7875
34988552 8704
3569 165
3752015 5772
26007040 5407
14222849 7363
1733379 1326
216151 1646
1789176 2441
23540444 5039
1847747 1842
85608441 9848
20361807 5608
81410 334
8069995 3530
1076850 6062
5080229 6145
39143384 7725
71446100 9562
8651139 4021
11191320 4921
5828513 2859
67420500 9594
54115349 8354
42720 272
45185034 7554
36385899 7339
14692561 5202
10911474 4839
24536368 5064
6695332 8360
23282348 5914
17498192 6232
188296 649
60694426 8268
5508302 3873
30038258 6577
77297885 9064
431257 739
8796243 3040
51307930 8559
39096576 8013
178496 3334
6413640 4925
7702982 4158
8209581 5156
131165 555
35777307 9822
1159502 1417
12995496 5584
14489919 5961
20747905 4563
1577683 2146
1137003 1251
4869560 2825
7921555 3170
6277659 8108
1521977 2515
3028814 1792
1526746 9346
994059 4149
79760467 9485
34558050 6687
121290 533
1485001 1915
3424826 4966
5051393 3093
12156170 4062
29180680 5419
3819225 6644
12344623 6309
26048186 5243
3733061 6556
3144381 3722
27042506 7842
20252649 6177
759793 2877
242005 5605
4995852 3677
4871740 4007
47311089 8007
44989489 9491
257126 1227
34079 250
26182 348
192 77
8980328 4373
58449733 8745
14594666 7609
1337853 1501
45681742 8461
71735061 9457
2505789 3452
1347911 1469
1939470 1892
1611 72
388622 3171
1668372 2095
11600351 4499
6531735 2653
12410472 7482
13283756 4592
1261587 2719
66363091 9548
455586 841
89929639 9639
898382 1149
1467835 2417
5140818 6598
28732633 8285
16354698 4953
2009903 1915
25726626 5518
1383649 1334
17422894 7191
44134 1410
425354 1006
58056358 8194
24153544 7138
8240523 3870
11448931 3695
63153681 8159
1040061 1492
15889965 6417
43446476 9896
258367 1150
9400660 3413
486 50
12840502 3720
387848 919
6457397 5182
4402621 5662
49820087 7394
48731928 8911
75705940 9417
309453 565
1400699 4066
24057823 5589
33952130 7413
3428013 2153
11275242 7568
632473 1317
14756865 5654
10254 164
2024 122
14254161 6441
38745915 7410
24266245 5301
7850539 3009
2965139 5976
15350497 8795
48915008 8972
3855120 2309
146269 1266
3669899 2293
1274324 3589
56305918 8048
22311 179
8222859 4355
1852304 5407
21622319 6640
431111 2113
288512 666
14954960 4366
55499439 8309
43013332 8784
5127063 2307
3513978 4547
13647731 5471
1959545 2067
53251871 8081
5888343 2493
6254944 5446
9096954 7098
6368054 3495
8290284 5910
11021388 6238
40927821 6942
82081383 9376
2942508 3335
2552318 2664
15664498 9743
5934735 6239
6635142 5027
168649 424
9276 262
4624314 2332
13494875 8486
3161303 2663
20790630 6158
3617301 7041
61292278 8292
172069 479
5204 365
21692167 4857
27948449 8636
20205740 6904
57744798 7676
4264576 6493
11409250 4405
57610492 9757
12952134 4689
9804 198
996840 1359
22271957 7302
462232 1217
306613 962
2180971 2406
31521819 9318
5062041 5638
48633042 7860
72873873 9396
8006196 5352
7556803 4554
6696546 2803
469728 766
7538286 3254
881574 1384
8861247 4236
5528612 9998
72631 350
65465479 8206
31645824 5791
5799537 7503
32666554 7578
284546 1035
29681795 8941
9898157 5273
5780715 2825
24984311 7789
25607329 6312
45082 250
25897178 5436
10653870 5864
20678279 6415
1981315 2490
4009224 2069
3294174 3539
716240 1429
275636 660
33109049 5832
13553669 4897
27386208 6015
56646429 8751
74127642 9426
32582704 9751
11836 1038
42707520 6565
4172936 2598
1172826 1543
16682853 7908
3355586 2270
3498236 2357
640198 1392
1575286 1366
10597675 9040
1127314 1317
5285791 3497
41624231 6932
11645827 3554
57085 351
1406 58
195283 2538
625291 1619
2148545 2034
63210842 8675
58875760 9441
3800095 2106
9197512 3308
4146503 2669
68451 264
15867168 4997
10013983 3275
4279323 4985
13791974 4268
31289714 6365
15782346 7876
222249 638
3146588 2716
2027527 5016
7741588 2942
97890931 9995
2216917 1641
1322436 3595
8034130 2900
944561 2294
90284 964
37888887 8333
145363 531
6028440 8910
14344485 4005
20373873 9686
55361444 8398
28204545 6921
279889 2383
493624 2480
14169843 7328
885811 1332
23657708 7594
297404 578
5421804 7554
4773892 3164
72202 2056
42567 285
2749109 2943
1543552 1292
1036418 4211
64384541 9684
28598997 5546
1074472 1242
9158030 3272
14510908 4796
42771523 8131
54617107 8342
1323914 6547
2573091 1976
5467918 5275
19631719 4557
10565018 3784
52718039 9680
25592373 6197
23849698 6895
2234839 2611
755374 1255
27292157 6079
87100870 9559
38094275 7834
13539836 6225
2402557 2902
8796155 4377
3114227 9236
56296055 7978
5560548 3203
9815888 3868
7695964 5057
6899 258
773077 1602
50235230 8769
3291355 1933
1971757 4757
2554 251
5763780 2663
4523314 5693
26927552 7900
6406745 7480
32333236 8859
8690 1024
7120223 6781
14557 194
975082 2230
40744720 8242
164469 703
20347590 6428
28581 521
61521 809
27197389 8314
272032 1579
8310977 7881
2666397 1770
371194 677
472741 1355
551242 3485
4699008 3900
1698972 1315
9495115 3276
1286708 2362
2979943 5071
7306366 6410
9757566 9819
3397408 3054
2698972 1904
18228544 7325
63232361 8880
70170952 9175
590592 1075
17907180 6863
650845 1328
213684 613
2336362 1846
28734934 7091
8497840 2998
43417350 8086
11710471 3645
9122232 3992
1605265 1472
12835354 5199
8198929 9483
21432731 5082
123022 497
10235040 3306
12384014 4613
31149418 5857
3728328 3539
68974966 9446
3063306 5610
433039 1733
42519229 8214
2025246 2177
20157781 6009
56589191 8002
64118 1971
3787775 4894
24406535 6985
6724396 5623
21083463 5748
8779875 3791
6576248 8060
18114644 7534
22167162 9365
33268074 6117
129391 1401
4177018 4465
1509456 2002
3241152 4752
15729143 4062
3600805 6578
32994093 7040
15297321 4247
17715601 9580
23711251 5470
5817736 4181
7951233 3207
27672691 7674
48359 666
13596913 4107
26142840 8177
13093360 6777
24546696 5647
12272736 5875
12204293 3913
7462455 6557
9517 386
40644425 7888
1337353 4611
888974 1756
20243107 9250
19875041 5349
535153 1026
14645016 8963
6877556 6303
35253163 8430
35056535 7463
62007460 9344
1023188 1833
4832993 4598
23932810 5246
11974421 5569
638446 2138
48571500 9877
276364 544
60249 425
21074759 7545
439815 4725
1202397 2025
13786301 4266
1604007 1757
30321823 5957
372121 713
1944264 2646
27526134 5285
21031793 5965
743608 1347
57032 1842
10646046 7777
458635 1219
27739415 7645
185931 1954
12193864 4738
12569020 4040
27931935 9684
901841 2534
2348563 5649
18035222 4708
78388329 9078
4161111 3730
34646710 6273
22892296 5595
45156004 6877
311847 2348
691984 1548
244083 526
143469 2090
24684067 6945
1276931 1858
1559613 2748
9283313 7375
527211 1356
410843 1883
4412123 3014
40789409 7650
2811679 8506
8637858 8134
158170 1168
6326873 2541
32717058 6205
495360 3831
5386399 3845
8410 117
53205230 8926
6807779 8318
27730536 5590
12429432 8975
59773788 9515
6035575 3037
4040593 5412
9815540 3293
38640961 8203
1123642 2907
18566244 7211
5969789 2912
2688862 3351
57193373 7894
32637750 7769
49069585 7563
34712980 8576
54915 325
4580446 5169
28326798 5612
165095 689
6856617 4332
32661031 5778
5599194 3051
479160 821
8606330 5834
50264 461
55560783 8737
6178876 3216
6586718 6621
3686355 7014
33694141 7704
1449148 1302
21757915 5931
35216037 8402
10764262 5171
26730931 7100
17172195 7580
9428877 8778
31937 334
104565 920
17009214 5444
7717281 3524
192696 899
52345931 9527
91670 359
2008378 1426
2968720 5211
13524783 5910
15688762 4570
3415556 1878
6163 150
114716 453
1605 155
22036 225
145668 534
7860493 3313
28833551 6946
9764943 5796
23096950 5468
2470 100
9044112 3652
994503 1887
533876 1219
10257527 3304
3894737 4886
525845 1076
1000098 3274
12585772 7249
8025164 3377
43427850 8516
70021165 9990
10586489 8407
14647969 4526
1312895 1580
1780892 1569
2323398 2721
20738344 5875
34947183 7884
25782438 5619
5118667 2369
28812440 5924
4496873 4619
840215 4800
57751921 8051
3976811 2048
262232 569
76660262 8841
4551798 2550
4869780 2522
13250238 3762
1148283 2549
239672 1634
42663472 9629
51986417 8974
17187369 6581
18890366 4774
885467 2199
51090731 8503
32312422 7021
638 34
15285061 7836
5267516 7688
35244474 7187
981920 5593
2111496 3274
47447256 7502
5292219 5495
14474041 3980
4129040 3037
7777894 3455
1577 56
1726513 5871
930298 4312
2788855 5333
36878 450
2923510 1779
36019501 7693
41610 388
19704902 9063
15637 698
4628833 2198
1037878 5577
33398 197
209844 708
15303252 5915
1735402 1490
3469595 4844
48535157 8378
12019204 4588
8638995 4112
22505017 6105
73441 296
2009010 4468
1590884 2049
1953991 1956
2308892 1891
71042639 8957
43968189 7611
3743855 3650
10346740 9136
4772835 2635
8969832 3798
558844 2126
837733 1059
101191 471
36875323 7813
12673822 6707
1123 253
28430310 8090
5246941 8725
17996 190
19876678 5532
43164581 8098
82080389 9876
7574 140
57150286 7757
42233609 8289
2883929 1994
13915513 4954
14570986 4062
7065030 2924
49946592 7620
28302395 7285
2905456 9320
259115 1759
274687 1155
10893073 5010
45159987 7879
21670281 5777
7736927 2859
1111680 1295
27619630 7684
10824117 4333
2522011 5602
282170 564
6912931 9838
55256877 8175
4184879 3269
48240522 9144
36449 201
55976431 7551
26703672 5653
15461413 6320
21641005 4883
33620858 9276
1004363 2711
1841955 3948
3585492 4112
31638515 7523
1245747 1298
2301219 2647
24535158 5705
21257133 5002
1911015 1727
126870 496
49110 395
84693095 9844
328592 1143
746840 1077
1057297 1417
22196992 4857
583746 8828
2808122 2422
6783610 8333
47053523 8336
285351 1025
5072344 3662
15328008 4182
7435756 6467
54246546 7542
2915656 4842
7153711 5903
11224610 3705
2455473 2264
9780629 3914
39390480 9407
744521 1711
54049967 9202
38818670 8037
8741446 3090
52774 477
50723626 8459
3349077 4335
1747763 1689
21327389 8325
22121132 5421
6401293 7179
51874833 7678
292219 1073
44709 841
1128957 1112
60109169 8738
4726359 4251
1263788 1307
32539720 6977
64451462 9016
5028773 2609
68210088 8800
3028728 3176
1702628 1658
84437 1312
37162628 6670
1342727 2387
3079943 2528
1174178 1942
8425303 3450
5176603 7318
7392794 5373
5959494 5523
43086705 7452
54461909 8668
4947657 7229
34018776 7323
8406885 3563
2168137 1553
49798718 8775
411452 1767
8893059 3448
1861224 3074
1857765 2899
11847079 6652
1912334 2878
16722596 7302
20526662 6141
6411588 4491
2816043 2367
22085084 9200
12658996 4103
345811 1206
3859248 3139
121032 423
375764 1001
18459759 5596
12789157 5766
2169776 6322
48 14
7251032 3743
9034202 9577
5264332 3232
12050179 4652
54496 551
14510874 7412
43834296 8053
28932052 5513
183650 451
175371 3269
20287155 5400
6130469 6563
4905183 2234
24081481 5181
147074 4309
260249 1433
407036 1119
20032276 6464
28206455 8075
6124955 2744
10049124 4709
7632531 5394
8244274 4838
29707933 7183
1279440 1500
2692493 4822
1107786 1838
49800318 9885
940324 3588
8812 137
26130219 5483
26696812 6406
11189076 3910
26565 371
126885 690
3100356 6391
43257402 9104
1104954 2007
62323159 9916
8485774 6141
20508613 9438
75341404 9705
115441 436
6602946 4698
4288838 2457
20121853 9079
34525009 6863
24982009 5106
850739 3981
122189 725
2790424 4197
2653094 6053
13343966 9292
5078363 4519
347382 2813
239953 1068
1419621 1405
3200434 2882
9637941 6206
151676 2714
30885615 7586
4037275 2498
20029886 4657
7211855 2864
15498863 5002
28584244 5460
40412502 6630
192606 905
37108257 9317
5056639 7679
394037 3937
9163786 6529
14385656 6086
6899035 3256
3477160 2442
430188 1212
48903 422
8054960 3792
75262360 9889
150650 518
11846001 3626
4407372 4137
1559322 5996
11253089 3630
52034 1227
28407017 6838
43301534 9111
284734 559
3769838 2146
48327613 7373
3930396 2990
3853273 8371
20952798 5711
30792 207
705124 7362
6504760 5868
6699070 2895
14270108 6619
22580165 5894
30304 220
1620451 7357
52014125 9404
15355100 4081
5406107 3318
5699561 2719
962179 6427
7219771 8997
15902002 4188
10413532 5486
19835103 8153
992454 4054
1025382 2370
235562 8974
4513884 3429
622196 1707
1084028 3085
30885 1530
28928436 9642
2630 131
1108001 1349
20204851 5490
21651483 9378
1260567 1211
12317689 4139
1647033 1340
6619529 5250
15707050 4188
74749175 9459
821703 2337
64251624 8307
4628 105
10718461 5861
16451176 7987
10047978 8456
71409 273
91526667 9580
6568115 3316
75606 1649
33120110 6135
44605174 7319
20574140 9493
25740146 7308
57487584 8750
25140548 5700
37969781 6711
39681384 9128
54290445 7456
9939136 3192
586205 7039
13720563 3745
2176422 2095
118284 1126
7345763 6518
13787744 8225
239390 574
12481 123
2597919 1997
8628940 4256
8280427 6116
44552624 8558
36519 279
60207391 8790
31808970 8784
64342177 8298
3798980 8451
69003219 9074
16334444 6717
7553347 4840
40277962 6839
16010199 5144
10168923 3340
26791801 7130
10277980 5658
4173685 2142
21962868 4889
15624322 6430
3594896 2391
21414640 7237
43222195 8945
43320348 9999
13229230 9854
453600 1261
12354569 4418
25709082 6793
510859 851
4108881 9817
12325812 4790
38889619 6478
3184661 2140
682934 1262
52545970 8421
5320064 2865
83870941 9764
16347 135
3857113 2142
3579699 1943
2106 147
5372992 7361
423875 809
286260 611
20297770 5568
33739347 9724
20515791 5217
32586 193
15552915 9672
15160724 5397
3658562 2108
3016998 2477
2250216 2105
29315852 7551
71449459 9768
3406932 2391
26271445 6223
55280832 7826
8394298 8019
2039944 1703
41549789 7421
65662010 8311
354061 1032
965929 1756
3793483 5925
32921 497
13324482 7888
12147818 8511
22905050 9938
82274525 9868
4750308 4382
5675382 2915
33403846 6945
10648957 6827
38348110 6994
6574161 7624
20399687 5094
616099 891
58887523 8718
68695604 8685
47266 1385
230692 1680
1481305 1557
20836438 5418
30770836 6928
174034 899
7178452 3089
81227 403
82791794 9315
26720145 9277
2536941 2554
11600884 3971
57492136 8483
1238870 3327
593657 1585
7210812 4548
4714383 8884
54328361 8044
6622319 4479
7785419 8080
1142591 4921
39185086 9334
3349145 5954
28776238 6842
5934457 4101
8405251 5623
5534506 2910
5130313 3060
2006761 4329
386671 717
3407133 3142
6933924 3182
38969616 7563
637765 1338
34666751 7563
393550 1614
3169806 2366
63225509 9121
33670 8297
1608187 1352
12594158 9235
10778922 8855
2508758 1961
5111068 2608
37935957 6828
13134252 6621
7030653 8304
21826189 9059
47331787 9033
1362920 1855
16624204 7995
2197166 3370
19805522 7705
369184 893
1653060 1314
10076209 5511
12246918 3787
3170157 2088
151031 471
141073 531
17655879 9939
12671032 6751
29921333 5676
1202508 1519
1230215 7465
18526770 8241
726770 4301
1003418 1078
7856514 6123
51477549 7877
1443779 3249
13273180 5386
22199103 5789
10764193 7219
53656 581
2960556 3060
3008509 8558
2078174 2644
42645209 8170
1074151 2327
22513822 8533
28522522 5615
47020382 8643
63290712 8171
1690074 1825
217644 704
3184725 2814
25704 205
2382417 3439
10583070 3638
24793299 7548
61964093 8427
408756 1917
5718461 5900
601020 1421
1807985 4368
32659379 8938
646964 2017
29430616 6338
365891 3047
11321827 4780
16004729 5505
25955522 7577
6212514 8257
3487906 2931
8027310 4105
65290520 9817
863603 1105
75518 322
12683075 9643
41429943 8836
13685043 8654
149346 2030
41601282 9318
2905032 8138
68602126 9943
24505288 8568
5067 399
19897878 6264
108522 1146
9025416 6309
42598399 7886
36538731 6308
3195662 6027
2965734 1892
215609 538
947274 2252
4451817 3566
1661385 2315
1387404 1358
593926 2535
1596423 8755
92006634 9896
76731955 9701
56734957 9375
59905947 8552
33914050 7097
3839465 2218
17874443 9815
142862 627
13593624 4850
1688687 1344
6170354 7522
25878967 9073
8694890 5537
28177784 5930
5151985 2483
16367679 8141
15030180 5327
2420432 2634
54525187 8707
3172417 2501
256253 914
66246584 9856
2162383 2089
4809285 4603
31020594 8148
98537 1282
400251 732
366457 2664
265008 4851
145359 714
50742 481
21217901 5879
251732 1909
36430497 6417
13589157 5749
15788269 7682
90448 545
9037821 3343
4496040 2223
20353004 4731
3610034 9868
2651679 3594
17745807 6570
5693309 3551
16575993 4780
63379 268
595162 855
33585605 5880
4083332 2801
6457563 9423
50700777 7864
28851378 5708
345770 2686
3035305 3653
12494465 4514
10728905 4644
129544 627
21934879 5334
54847775 8981
3025023 1934
517875 734
16990 832
88744 9275
17698866 5754
62871168 9006
15315493 9840
29407091 7808
6212182 2669
19971571 9116
3862710 5013
46240977 9083
1035939 1296
20037070 4747
24309026 4942
333822 665
31394439 5994
67445375 9627
4274633 4560
4779398 2279
49529337 8273
3669668 2229
28745417 9916
824374 2130
342605 596
25178537 5663
3190140 1901
14509819 4724
8793367 3083
228610 2570
763950 920
63458 2586
8845315 3367
920087 1074
82008888 9871
37693144 6759
309150 4493
7207963 5481
227266 748
17093536 4569
9386891 3362
25467449 8926
7022596 3841
13883768 5074
1865455 1863
630131 1059
4473290 4958
44817487 7944
40961 368
3227082 2436
7034214 5680
371164 623
3297949 2433
3545453 5391
6756315 8176
1232680 1133
58594207 9812
20842651 4695
35663446 7973
48879900 9807
26361934 8847
16401009 4991
3696463 8951
157710 1132
30285168 7339
10962276 3911
12479142 6189
6389668 6717
28578652 7424
33043664 6154
5285985 2597
7012795 5717
3535696 9664
11844615 4117
629943 1074
14919286 5259
1424213 1635
3120540 2027
36412637 7013
6226825 3343
7146747 3458
5836740 2484
252409 687
543803 2374
33537515 6351
23495165 7381
637008 955
9255476 3513
132246 518
36839 446
173630 996
19657170 8371
6812645 4533
3951594 2218
438321 2484
58017718 7662
4873781 2614
15451443 4213
3743717 2772
30209509 7227
576424 768
37921356 6391
46755936 8210
49227308 7733
16053089 9866
26738508 5762
8875321 5370
1511281 8999
57625212 8925
31754406 5858
1490723 2728
18266550 6904
407067 2111
2630828 7644
20795516 5715
44043528 7198
30 25
43815708 9388
18891043 6027
2198505 1921
18081913 6573
28445299 6061
20294545 4719
801356 4972
8140657 4724
1422287 1891
16354045 4478
15466094 4792
888965 9667
780586 3873
7915874 4463
448801 2324
3646351 2731
3680264 2095
5194362 5880
4395647 2219
1504170 2310
4010093 6307
7921263 5584
1157625 1608
1660742 1824
729226 4077
70039 299
7923597 3805
10039317 7109
1052571 1057
25220479 7098
19365659 6275
3467606 2659
22769945 4807
13140983 4975
80948670 9680
5319496 6351
741829 1621
9009711 4761
3709635 8451
119288 453
2559480 2190
631 36
33310 253
4228209 2927
2788053 4488
2462662 6300
1744050 3102
23769254 6303
108894 814
5115419 7696
1622661 1446
39386910 8159
123257 680
2041446 2425
84458149 9903
1415210 4297
7694856 7074
51118 615
65683551 9890
28824728 8180
2561849 2778
1671411 1358
3931680 2290
4478171 2687
937358 1455
24722 404
12051373 9688
4352523 3825
416888 1346
27129419 9700
11049987 6392
2747858 1964
19002652 7389
44082971 9719
82149739 9671
5601929 6858
1383564 1808
26289040 7955
155224 1061
23390314 5358
7795591 9526
7274114 3997
18811617 7259
15675007 4199
12692521 5176
385575 1237
3945482 2226
5672133 5650
50683108 7451
345726 1146
47617299 7799
2425957 1768
22854362 9799
48574533 8534
13471374 3883
2947596 2200
3018909 2136
770071 5937
44773575 8292
1206512 1353
3283610 1943
4547724 7203
21254884 5104
29803 1505
15808222 6748
4036975 2353
54293712 8251
54531382 8770
1570484 1284
5047660 3737
973967 1986
3635325 2985
44094101 6863
2772164 1700
11810417 9400
172826 2811
127391 1360
25218795 7552
21857791 5636
4263550 2738
79820296 9455
41930797 7607
461466 847
2058362 1588
208219 485
3486939 9979
1054677 1207
13700929 8064
8559770 2968
32487 677
23199729 5849
1340161 3013
2209000 1493
21997156 5122
4948810 2407
41326315 9424
223770 1173
31464067 7767
2040092 1867
5354852 6017
4406469 2518
16653298 8141
9213561 3173
8824070 4270
1289882 1989
29508 415
32832251 7178
2569505 3656
3312252 2159
2087696 1549
34703389 5934
9616798 3297
45400349 9540
2270599 2297
32523815 9129
639345 1411
40808323 8449
1925055 7787
34743006 5924
35061 814
7384498 3387
6584592 3073
1619558 3394
29375802 9601
82432 555
2899791 3166
43502222 9298
40620760 6410
522944 994
1653172 5164
8006555 5954
76581620 9893
7271970 4817
22722703 7525
60107520 7872
15358659 7965
57406996 9048
13890348 6327
127068 579
13609187 4779
36928310 7430
18664250 5248
15952785 7652
11484234 7064
20325258 5809
50245684 7420
19982168 6211
22441997 6170
35486105 8689
5624720 2574
3276497 2875
7456 194
5255665 3366
10332046 7050
20674214 7083
5776705 6416
88696 1062
14122409 4016
41381598 6624
9130470 4027
14019403 3750
39856976 6428
352356 3857
269181 640
18580383 4415
5196900 2881
16647526 8070
3746738 4820
2050890 3845
2718062 3878
848397 1928
2727243 7057
23234857 6741
433824 876
2625052 6833
8979836 5773
1494011 1345
25966362 7323
5360937 5211
17521731 8075
15531845 5902
38523106 6813
26143889 6741
15860921 7948
652242 3415
4609949 7557
28322305 8196
27008231 7132
9464421 4651
39117981 6653
62108663 8401
30249307 5837
26610381 9183
11409036 4473
748750 1258
18824213 5207
1910537 1696
55585932 8166
1084 39
19713011 4797
40077451 9930
6011428 4078
74585385 8674
13229061 4194
32085251 6578
14434336 8058
17105661 8248
1671805 2042
17198117 8102
2079511 1821
50327235 7151
32330504 7718
1241094 1711
595116 2066
10020287 5385
20140126 9490
2176674 2919
5435123 3344
9831620 4800
6534672 2706
1239914 5443
3056307 3029
9612 162
2206037 1849
105326 358
48393487 8788
104109 1740
6769176 5051
29607229 9522
9504982 3646
26637577 8776
17864517 4305
10445468 4186
369553 637
19160 619
92469604 9945
22794 361
23037572 8292
12491884 8185
26683729 6038
1772865 3026
688762 1747
13927177 5400
936472 2967
3060845 4667
19565160 5628
2031651 2621
473400 2226
3652162 9017
1359187 4182
1193716 1193
11802997 8027
78881149 8930
3795265 2507
2593921 3385
2676 1283
26754724 6419
6404156 4338
1442150 1230
27 11
327269 4915
5163823 5327
7560752 5249
7637239 6191
5492194 4018
5303837 3837
6694415 2670
15509600 6458
1281689 1208
51563 481
905274 1663
5484380 6041
1640898 1923
13321779 8961
30034713 8441
3569681 2851
8384042 3028
38986084 6664
2985978 2108
14002840 7217
48530658 9395
14448034 5315
710617 1240
52386899 9714
12309009 7531
213887 753
38613789 6624
340658 2583
3857315 4286
60106328 9881
41495 777
1809345 2750
953855 1813
19997191 5520
6799034 4702
22897752 8077
23827 158
263038 2213
15151626 7645
41264446 8700
7554 837
39058445 8157
20729896 9646
24520683 5102
1073565 1143
1983668 9133
26634295 7110
231049 899
6181290 6420
731705 1746
321525 682
8784 314
10970436 5050
2164239 8566
42794062 8370
30571256 5541
99053 593
714228 1956
2578308 1610
7828217 3410
18401829 6961
18931555 5208
795391 993
25899066 5991
1119293 1085
3476189 2285
48298678 8336
31706764 5694
10680943 6646
42745251 8098
169674 706
198995 1701
19127951 6221
2485784 2281
29132 184
1351234 5492
916422 2016
919224 6171
1790756 2915
15301693 4576
1302093 4179
9837055 6524
5195207 3910
10428849 3793
36372 294
15312859 4005
48143434 9474
14219642 6113
40974845 9938
33356780 6608
9483167 4353
21578961 5089
26977514 5216
54137951 8348
1625186 1506
2120754 8062
124248 527
6420766 2756
19867409 8867
9656031 5101
7550650 8068
72028122 9298
869704 2127
9496001 6087
63853256 8489
14373 1213
2003612 1706
25383306 5923
33802915 7524
18292852 5008
22448123 6926
21042609 5850
24932945 8117
2252793 2402
33820 1652
2309604 3606
3221250 2753
319000 2723
403738 1004
65454291 9311
1365645 1554
7183211 5395
39983193 6827
13454931 3720
20867432 5908
1501 1143
49418131 7613
4849361 2899
164175 419
1472065 1484
24899188 7738
9984322 3244
15576750 9545
20972 198
2940 91
26026197 5324
979313 1251
170921 733
16817654 5272
2026564 1548
21921736 8409
1507627 1604
11338298 5343
4443218 2294
1636913 1425
3661341 2632
48345527 9716
166772 473
220792 599
2390097 2395
17686766 4527
9082391 4181
1465209 2781
422317 857
85966928 9733
59366781 9061
26205979 6438
809303 6444
39548708 6410
8475348 4486
4663521 2411
6650881 7654
49982644 7906
75238214 9061
2058978 2292
27076726 6198
25373222 6785
1348474 1259
4358583 3925
4549424 2921
45971771 6788
80493641 9512
216825 1508
14512 163
3339374 2260
37489606 7083
4171599 4213
5339568 2332
6772977 2654
422996 1555
21402445 5313
272549 606
10418345 9519
39630813 7037
48404893 9009
53147 1279
666397 846
1853 99
384299 7521
4002724 5365
9865019 8993
4932023 2420
4282543 2304
220128 648
594261 1062
15773808 5163
64467806 8056
28952312 8180
4651311 3414
7571 236
7266467 3977
5833245 5605
2340633 2001
5868703 3413
6037301 5855
49275432 7024
12437476 4115
1201854 6231
32367281 6301
345554 2362
1672767 2068
133057 457
26250274 6140
28366659 7077
23074178 5023
24322830 5364
8557202 4224
31365118 8472
13812126 8326
23363022 7803
37938679 7633
5585745 2812
2394328 4365
38414310 6346
10989812 3934
16085907 4471
7366 399
58239747 8923
3322691 1913
92748 824
11667771 5185
5969473 6980
4951180 3018
819959 1250
3751208 2610
7703463 6052
52893665 7698
3832483 2891
581816 2470
42763369 8576
2162093 1660
13781329 7106
1969402 9969
94507432 9996
721529 1196
1294764 1448
3423926 7971
394625 1138
4576016 4885
41036461 7221
46044729 7413
36450400 6821
3952685 6898
3204605 1938
5928700 6644
8310481 7076
34322482 6957
8580700 4997
2866997 2296
24664334 8610
30357044 6685
5959225 2606
45057311 7985
2664254 1837
9596438 6806
35474 1395
1796566 1827
15313 9459
95009419 9932
7915066 3371
1192321 1228
29472044 5790
41555392 9513
63382903 9476
5412519 2661
1683683 2222
15040484 6354
35824391 8260
32244229 7648
2670620 1942
37370359 8828
51652448 9717
128944 9295
14130586 3787
22947039 4869
74082748 9700
10774471 5075
15978940 7139
13313598 9064
1336268 8285
36810 197
71 41
3842 1300
5268 255
2140 51
14206422 5187
83318 812
8749928 3331
520797 1599
1614904 2107
51203326 9877
37074617 6768
344240 4969
2905648 5147
5483268 4911
28122630 5907
7357415 5167
26909812 8384
607671 810
17016540 6424
14398270 4014
11163187 6526
1602366 9151
46698327 7234
7234868 6674
1031730 1779
12913800 5524
1074894 1308
4343418 4021
5655707 5782
10637821 3766
4156990 2257
8152405 3494
3558001 2691
219364 771
1984032 1521
3428146 1952
23748 257
12679622 7422
729121 3426
3894767 2600
2447505 1678
113526 2617
11176327 5187
1619953 5066
14336263 3978
63613191 8155
31980526 8577
2560298 4033
26344667 6190
14621438 4290
1923878 2537
12395768 3813
6104347 8137
43487691 7542
4745132 4014
3184411 8200
6182 316
60598010 7825
1005023 2982
18197537 7411
5377963 3973
43566224 9826
324074 574
3144062 3099
49753075 9705
38737465 9541
4431866 5181
12274997 4941
3519863 3089
4504859 3185
5400363 5463
11470220 4242
20523171 5078
728450 990
1068024 1757
1904949 3565
1865642 5218
2976853 3702
810095 1527
1023277 1753
9278113 5333
13964482 5397
56824157 7549
1005961 4470
37045355 8404
581615 953
25125230 8933
13743657 4043
9461803 3689
11204437 4052
6323569 7532
20716328 9855
801429 1061
17873 169
32511985 7647
1037901 8648
1396490 1783
57821986 9262
979028 1036
1529248 7061
559309 899
43145659 9896
135128 638
46130 224
889740 5657
10040823 3931
28302 631
26945361 7630
37473434 7413
5664888 2931
32651626 6203
56100641 7887
49015519 9173
20641813 4937
7993 112
12752356 5754
27557136 6233
6981681 4923
50868648 9950
1308504 1431
2358997 2635
2072723 2574
73900 461
673633 1084
20270712 4783
39969372 7410
4296218 6415
18398702 8518
25133 500
12216021 3786
41873175 9906
91434742 9807
356276 5393
9085068 7959
7702257 7556
6183 196
9582541 8756
58449656 9250
34290767 6983
5882631 4001
18935313 6383
12466726 4151
41013442 8696
2206742 2400
7637 293
6632256 2590
2854180 3222
18308586 9775
1268269 1691
58781 262
284209 773
1093724 2439
44644851 8771
13341128 3966
961773 1064
43438673 7608
11343987 7375
52886788 8326
652837 1671
1528184 2591
2427188 4988
15960 282
705065 869
8467645 4241
4039442 3891
15272 250
615174 1133
3209533 2545
4132078 6163
846097 1406
11939382 4244
45027921 7306
4138031 9107
19760552 8152
6793426 9729
4471108 9536
10188022 6039
19120412 8568
46086414 7576
66552362 9324
6339204 4896
1024569 1919
1431019 1401
2719894 1764
520061 1275
7038786 3234
12609356 5223
83714369 9404
81856592 9455
3352643 6616
1082 65
74209050 9477
64494131 9712
18670821 4787
1412802 2347
10131158 3766
2687536 2092
327298 1016
28229120 7576
43919788 9943
308642 3324
7717272 4832
3589860 2414
9009529 4527
19392202 7066
713730 4324
20762798 7436
70880 2285
2510019 1879
24967601 6407
49840685 8228
11170679 3979
6871222 8800
73593039 8996
37644 368
1656 57
4111612 2974
130206 364
2154707 1513
7320382 8787
17483869 4475
24954300 5683
394542 1215
17918477 6532
53035088 9465
67520661 8328
6802259 2684
3890381 2465
2449 195
6075250 2548
37805288 6627
13479733 8245
4500694 6014
87900 622
17591081 6963
259953 3314
13176570 5679
17658010 4529
17619 146
29798340 7907
476029 821
7197465 7397
26325927 5141
2516555 3990
36522939 9183
8568226 3085
10167065 9724
5213386 3922
29071761 8702
528970 1434
812944 2304
6722 418
18855431 8709
6393601 3081
16077415 6600
5410303 2610
1015865 2704
42505661 8023
293909 6799
22481573 6763
2180931 2337
25451 174
5613924 8211
119289 368
8459362 5343
708128 1510
9115044 4394
71449 891
12871313 4862
65517 343
3939970 2482
14157402 4080
4151582 2320
873328 1705
859939 971
5107258 4734
36380 212
47824296 7136
1276300 1725
7114103 4257
9464149 6956
46092126 7506
10719039 3774
1013024 1296
1433945 1271
712337 1622
1033195 2336
26139714 5302
4219687 4321
38259028 8748
446220 3421
650986 2655
11280062 4378
9391533 4477
13523527 6893
23273934 5177
42479951 7192
36574971 7993
219878 559
82873361 9593
5679403 2916
2786756 1929
102862 2044
15753288 8312
43498221 6714
243 29
4416627 2174
1250511 1154
21284 545
33693744 6593
13853176 6020
408998 688
601249 1005
1475571 1296
61871 345
6032238 4658
37391716 6870
42158637 7158
6312705 4721
10628387 3713
338346 1212
181951 1477
40261191 6737
2925560 2362
34642428 6117
35208544 8530
15477 206
40660 283
16745982 9440
41785372 6668
36551224 8444
3043467 6892
18676615 8193
2057740 1938
4921530 3843
9174823 8517
2051965 1899
26433173 8054
10145174 3457
17194668 6088
6 7
182919 1045
75349424 9685
43732232 8793
17743333 4999
98537 494
36853319 7461
1507004 2198
3627693 3060
35301032 6359
1573030 4699
8297443 2897
13027796 3930
222783 492
6350566 4745
78763809 9340
41826565 7404
47317215 8442
80984816 9200
4245170 4796
278200 853
9956749 4663
4808390 3182
2910803 2591
12597764 4659
637217 2723
1858308 4747
60833135 9674
871326 2202
63988 342
4923506 3325
72690 281
407207 1255
70562887 9780
768321 1653
20993810 8446
35284675 7869
593509 1667
1539355 1598
10370539 4612
28002898 7434
4997101 4486
21703871 5065
3342425 2199
170878 589
13025779 7841
4406774 3684
3262918 3286
47826015 8142
203715 1138
152172 688
6994345 3789
983692 2186
35681658 6867
27271993 8138
40921078 9948
2388426 1879
51724 787
36335189 6259
7029366 2718
8902779 5620
10374054 4758
11457623 4088
1550271 1257
12497800 4215
16928118 6248
28536232 8259
23633774 8249
3356652 2210
8503578 3586
11268 248
74290172 9392
49956638 8756
6850111 6503
450648 1586
302694 4140
12056 177
390634 1672
4476486 6374
326244 672
6729573 3844
387437 2131
20491224 6099
50987584 9394
2904971 3420
27569895 7044
3950708 2159
24599993 6243
63697217 9471
1912670 2337
2138 76
3047 90
14907144 4925
39501078 9716
524883 746
81111912 9997
4140100 2762
565282 817
9910888 3268
7522878 2761
16802201 5382
53085438 9448
1885877 1929
473583 1931
40767453 7507
280560 9862
14970516 9103
60801607 8309
26167820 8130
12420588 7879
59390219 8328
5897868 3098
57765189 8402
43536981 9422
12763349 5957
924912 4151
10624103 3754
5418532 6716
3675173 3438
38353612 6642
19341463 7115
3201949 2176
6000393 2523
3961 188
79773496 9324
1462332 1391
7439174 7651
1154993 1505
42512544 9701
11043968 6336
1359610 5064
9155225 3600
21676011 5641
983180 1882
36701976 6187
4029114 7174
686614 887
18339262 7828
69915674 9880
51813601 7472
14042764 4660
1037475 1243
8488204 4417
8597937 5618
51203300 7434
20765269 5165
22436510 6525
53200 436
11395827 6048
1115248 3499
19364741 5645
14930919 6995
21229720 8421
8310167 3143
6952337 4568
6424093 2921
18757046 4474
2668791 4818
9926175 4637
18307042 9772
30023243 7345
2567059 7034
11928343 6677
2292115 2793
4201936 3234
466525 713
38180254 6369
63504 762
17707865 7806
2634380 1706
69466405 9143
44690 1460
8583371 9192
8290348 4291
34021354 7754
51543521 7299
445270 3274
12769611 5655
9570150 3150
174916 1025
25707883 7937
3994245 2769
6560814 3471
55674627 9939
2177822 1502
313936 9447
20674586 4590
25890705 5265
8941682 5240
4705364 2804
4618949 2550
1631 47
46609593 6940
44689773 6838
11121336 8548
350758 2206
110829 406
2080655 2422
855612 1290
258676 664
544255 1134
11918906 4165
12321181 5644
3535878 3278
69455346 9263
7763284 2876
38853035 6925
43182772 7883
6460496 2749
5861970 2454
297722 1364
4906760 2986
339097 723
17418651 5996
25138299 8185
23986012 6012
8271649 7293
7059791 5011
8172426 5602
643300 1819
16446287 5714
1022387 1467
70634023 8818
26129230 8232
31605531 6454
33560279 6606
2278671 8529
3359663 4102
64529 285
4184461 2358
6422050 3562
2126989 2757
14414624 5439
8518333 4810
33034552 6657
33154294 7444
3415762 2740
125970 608
48409127 7094
22409442 6676
693379 1077
876517 1269
32512468 5783
1766370 2117
1025515 2139
1611444 2414
532183 978
56353 870
406236 682
5648931 7893
20314751 5254
582122 1464
65016773 9202
8637939 3019
10921300 3568
22215939 8148
30114467 5572
11227927 4120
47147500 9109
4550445 7815
47183549 7997
699628 4745
28372825 6830
8730408 9702
30249591 9244
13856592 5727
12107275 8540
70435837 9991
883646 1147
5446019 2745
705383 4452
15597053 6442
400183 747
31335141 6400
1902063 6770
22961614 8504
22272 259
45822542 7343
3992551 5161
6302567 5289
15741822 5485
13238375 5868
1884396 1387
49550893 7372
3931859 2680
1659453 1879
11264299 3496
75384 396
3515834 2367
860234 4090
16305302 4637
8759490 5855
426754 672
13786478 6010
7825342 2983
2490517 4844
415327 1122
56544 373
3703305 2285
6813480 5679
1064393 2454
15027435 3975
1252019 3431
6807857 6732
7019915 5410
5747198 2972
360917 992
2350966 2639
15764695 5700
34313282 6649
431588 2308
3205434 2398
208816 2249
3615204 6409
38618145 6474
17978821 8675
16629 667
16358017 6889
15154303 6328
7912833 3472
6773406 3294
857788 933
8129073 5202
15365210 5018
4935 1866
30178366 5895
10152374 3264
33150439 6640
55762881 9688
14409998 4681
47461743 9069
4869698 5223
25225956 6629
6699130 6188
2172294 2271
4427825 2218
14219274 5997
12346652 7468
70091 854
3663320 2067
21648840 6640
617747 2289
40150042 6670
4012331 3215
5297860 3229
23766134 5586
20749271 4851
104182 456
5063509 5792
1533896 1880
42629770 8037
40889678 6557
34716078 9304
5735374 3210
3633659 7199
529686 834
30975697 8807
6072007 3016
61836735 8829
36805637 8673
3343893 1959
7748885 3189
16487777 4718
21343973 6405
21150571 7300
277469 707
22195 233
8760697 8247
962489 1820
54199132 7754
21361720 5071
44263 299
41899 471
69375242 8421
8602573 4646
28623748 8329
18833815 4627
9298252 4727
208178 1043
11166500 7635
29743281 5464
529906 1215
66917422 8397
22489269 5616
4651134 2522
19686323 6416
1894253 7217
5895291 7561
344835 727
13295171 3746
28992583 7421
1386940 1320
1597234 2211
66617102 8464
67305846 9677
31511 188
1671881 2874
59355671 7714
21032479 9265
43112629 9738
3434083 2242
20463233 6951
1638749 2549
20892652 5128
801172 1023
237480 860
27573895 8093
1823511 1787
17550919 9918
876665 2090
6238991 4205
4336042 2766
18796562 6306
17855026 8128
1536771 2652
12417159 4515
71627650 9551
2601263 2970
36873241 6476
9091116 8199
20461089 6057
12214222 4999
13867452 7800
1319315 1177
25152585 5890
1509255 1675
1734338 1821
52072292 9034
29260419 5412
11191554 7944
12915105 6242
4122718 3952
85278621 9456
15810330 5108
5568276 2380
10237491 7527
51659951 8570
59460079 8727
69221324 9898
1166610 1637
6965032 5411
2653430 7301
482811 916
1793454 2682
1286847 8605
52628 846
727624 2622
26885 2240
298050 955
186168 550
33069385 6388
909 33
5871454 2468
75920299 9781
3383512 6976
2377205 1640
43828867 8496
925534 3687
507040 866
43924406 6931
2439610 6202
21257594 5439
21036740 5160
893570 1599
800793 1272
206829 867
66281660 9959
6877140 2760
6312699 2610
102533 584
7556759 3975
8875378 6610
1108140 5791
3307530 9694
4107756 9600
710963 1286
2796696 1869
9069165 9228
840872 1154
8950 122
479553 1776
40106642 9870
4066006 4668
