100
25580695 2335957 7552993 18418060
150850026 42804616 135220633 135238877
131823967 35395129 15031629 15228573
274770 171136 149158 169882
66870155 53900286 30210578 30391176
2299550 381804 1774210 1788826
9524450 695508 8012652 8015632
187730130 97927231 46080700 46084122
1424025 921200 805849 1237899
106181256 7048214 34616004 34652770
543774506 69471868 356974956 358265257
223549090 32488144 84742320 84789952
437365320 103077612 963380 1321628
797676110 91871875 612145989 612248384
6475875 5039825 4960193 6402193
220274000 194566272 99659230 99829198
591350844 45776196 238369632 238508088
670076 46552 288316 49220
289656408 111532200 176701500 176766588
50988032 15724141 12521772 12529848
91160085 10971786 44334943 76896066
129584714 123935542 91454120 91482414
465412110 331923782 59611440 59624074
480066048 22206060 28039808 28175024
307656280 133751180 253729476 254155936
170716500 120241540 113711283 113825283
458803224 18966010 403067346 403113420
94060898 14408928 3752507 4077445
164856108 84012822 153798396 153884916
32262678 4768520 11769526 11829114
162033870 68595940 6305430 118631953
219502734 108813197 25899984 25904958
769892772 149634890 686216856 686226196
5967594 5359591 3105756 3110484
587771436 149342865 438901851 438908298
3539198 1436187 3457962 3466530
308478124 145351972 98171541 100091113
85371132 8770800 22746084 23103312
107889670 87493626 43318725 43318753
737947180 134412150 23929360 24080400
16977934 13216524 7792880 6600582
331391600 231190376 74337383 74380711
70638650 45951432 27956050 27983838
539255232 154912202 307980027 308032315
240341400 85117344 169823900 178565516
33766082 370755 22104382 22325974
657628412 112586628 32428300 32877476
21257400 17910624 6578182 6995686
441856242 81167432 19306781 19323553
345401650 10509858 55843284 55871932
169400660 1338739 9287814 46511387
518966152 21572505 190023680 190402825
126037452 119692992 18292740 18677616
72289340 55373450 6366620 6497600
136824708 136388927 66909992 66919142
141706020 61876044 121235466 121440414
263338075 181250195 220687817 221299967
454219920 57704413 318467072 318475693
78523324 33518423 7653060 7659862
185888196 35496020 67266 167038
14382468 461994 6940814 4008620
111570240 29160286 33959565 33991789
444419587 79028466 41186875 41197083
112393701 103070436 27655500 28326324
37379685 36378785 12076161 12214006
5460730 4001412 3651241 3686781
79522884 28233555 74229840 75998985
195344784 151030000 79532434 79944066
130267075 51312000 41059270 41432370
1248311 274123 841398 843427
466620789 22152720 355320238 121427139
369431972 295995508 51524771 51591155
723546973 56757232 316989416 317013229
18778430 3792423 7711826 7737640
182333136 19485054 160747984 160863922
172732689 115416105 6872726 6966431
371877840 53084589 272016105 272083677
540380412 198835650 31163122 37595548
238419880 8811290 83095380 83324290
1401345 881625 1389468 22668
26685120 21170478 2597428 14898466
106865284 96527948 78515070 78607954
79864708 6895288 78126967 78152983
126910800 65572200 44095084 81106684
22190094 16303640 13253520 13312874
8942677 4218197 3698007 3728542
28460465 4315537 9320657 9335999
7691324 3074400 109948 127992
259412328 185594384 123550334 123591790
762584004 121842048 501163022 501195290
494899185 459227428 205782995 107062080
134454831 75242613 70416564 70457001
212102450 14354928 38103100 38302138
60355560 1350182 6554534 6594474
244475230 232293668 29453762 29456134
386056908 3736852 203704110 203756538
551275609 264971850 190687957 190704540
98295126 35459292 88114886 88178366
46829136 46316720 30414402 30868818
354295306 38432435 91866974 91868086
