200
181
56473
97301
70241
56249
83437
27409
21313
44257
36793
1913
75329
90017
101489
46133
16069
55837
62773
103561
78157
44893
84701
54521
77773
23929
101737
76541
20533
19333
15797
93629
92593
41809
48677
42017
100469
23593
38749
104233
74821
62897
10889
54421
18181
65521
44641
14249
90313
69857
94033
57529
49633
65173
89153
34217
38197
9293
70061
14737
37489
31981
8893
81901
53569
20233
79133
2657
47981
19477
101921
40189
64109
48017
76261
27773
7001
14033
3881
77317
41609
6449
8117
38069
74509
42901
85049
17389
81097
69497
34949
44729
22153
79693
21577
41189
66361
25561
99109
75641
4421
271361621
286678661
52388177
183428213
217779449
203317981
120676229
8097161
44037529
299196341
113926213
41469733
295185109
158424797
239053169
48261877
223848997
32215441
95018081
225061769
273851129
201432437
183371533
269972221
41146841
189590693
344429081
183571121
105098689
369643441
69237893
64978129
25286249
216898109
86536057
75291773
40325437
292268173
322283693
128917457
34930373
329256637
4190189
53454169
10712809
258476677
281214793
7014113
68777641
36383177
67464713
40208041
36325909
376988789
2248781
35218901
230390401
286679473
76966013
208744973
179151781
96708413
141937501
321529541
279883237
304488761
368813141
257623829
218772989
307922077
185858053
10193237
297659473
152103733
86830049
111715489
292762441
290363261
354300593
398556797
223324369
276629201
322547917
371113657
280825117
198808553
90223373
290571529
334854173
230249501
256939289
331726873
336552661
136482509
37006493
242951893
142418173
390285893
73721269
30586601
