100
3
1 5
6 3
6 3
3
1 10
5 15
8 3
3
1 5
6 3
5 3
3
1 5
5 4
2 4
20
595 929
166 198
957 464
921 31
304 670
575 291
73 560
891 339
218 991
911 685
823 311
556 759
746 64
302 490
650 531
651 700
535 839
692 289
370 708
453 651
15
679 434
479 290
792 179
537 242
9 338
99 354
544 394
482 54
742 362
522 294
833 66
275 310
822 950
316 662
859 168
3
522 77
675 125
868 805
5
371 776
248 844
885 249
711 124
994 458
20
800 968
224 391
376 946
150 72
641 823
857 733
275 133
709 350
23 237
903 735
288 881
660 382
836 11
562 534
82 88
6 643
662 413
950 398
962 912
736 739
20
667 346
186 166
348 60
107 80
904 91
294 644
497 183
201 362
990 951
467 787
251 195
81 636
448 282
14 771
374 733
25 185
246 51
809 560
380 599
76 390
13
656 393
523 653
383 618
880 877
438 471
392 131
503 110
819 745
930 903
233 690
251 784
716 42
28 628
1
262 494
17
833 349
190 449
634 405
446 665
251 40
577 473
464 72
859 372
179 57
368 233
804 382
620 224
506 311
395 9
90 649
666 857
231 559
13
846 948
735 74
726 982
160 54
675 668
579 639
626 627
375 738
371 501
433 614
675 531
156 873
449 483
2
481 726
51 723
13
240 222
861 653
73 214
460 623
475 156
851 972
287 948
307 178
263 828
988 995
816 638
921 14
787 195
11
525 614
163 721
686 23
475 623
550 561
270 708
635 546
639 16
896 820
797 6
727 979
4
350 738
982 84
566 434
297 299
14
596 850
544 978
801 555
513 323
45 703
572 753
738 64
550 363
437 113
7 631
489 704
738 55
731 94
996 828
18
985 659
355 944
346 113
693 396
235 168
659 705
131 256
753 948
405 880
411 833
405 585
726 400
517 753
32 846
960 679
986 112
669 858
716 263
1
430 914
5
664 761
558 476
293 27
879 649
985 645
4
774 290
644 539
228 540
422 904
15
971 612
168 298
827 576
919 3
437 697
466 38
946 172
341 821
292 301
144 985
187 119
883 931
246 472
239 341
627 137
7
618 409
844 743
922 979
214 883
291 224
752 716
821 689
4
23 420
354 133
342 236
132 364
15
656 338
228 697
707 603
545 629
563 440
134 926
298 383
732 993
239 655
611 880
20 468
550 780
97 821
452 112
514 676
20
864 517
54 481
634 822
100 318
371 278
817 884
13 801
261 809
792 638
242 395
951 853
133 629
484 965
854 362
102 763
947 240
122 833
698 206
80 86
646 689
16
947 180
131 773
942 343
222 984
498 616
935 464
367 498
982 704
814 805
69 273
759 809
584 242
70 462
788 381
196 345
610 61
10
289 557
125 531
627 698
970 810
299 401
267 906
884 841
399 885
842 496
896 111
13
659 471
211 657
482 657
678 500
824 696
963 720
250 461
207 314
62 612
783 625
134 288
950 579
229 225
14
20 665
324 25
137 881
218 689
180 953
570 429
920 100
811 223
8 705
21 746
875 322
632 535
587 888
1000 43
18
195 535
502 748
9 683
775 779
692 586
846 119
41 634
410 149
997 454
796 970
291 358
452 752
349 750
707 529
287 650
561 943
506 840
607 323
19
647 999
828 553
375 547
842 921
905 411
467 332
367 412
78 784
799 997
655 503
845 851
683 131
567 480
404 26
580 287
391 452
735 403
363 955
777 104
1
481 213
6
426 945
688 781
692 903
985 653
497 633
189 271
4
626 390
840 366
341 892
628 488
19
708 753
202 176
449 278
159 483
472 878
545 699
17 297
988 936
867 452
462 147
518 952
546 319
535 281
333 825
71 632
968 529
709 955
359 752
206 43
13
324 906
854 314
483 880
103 797
885 709
867 470
244 265
860 15
464 498
43 313
646 877
514 837
217 122
16
659 476
24 824
995 815
745 412
27 208
735 22
305 851
319 896
712 845
485 645
752 422
88 431
585 461
463 241
992 560
412 848
6
468 880
30 933
170 839
39 413
43 197
96 814
5
818 372
814 197
234 705
749 264
120 579
3
717 908
927 913
542 354
19
288 567
837 284
831 477
811 287
239 483
347 580
980 904
101 728
670 269
193 354
725 630
258 224
665 656
756 971
200 250
500 577
409 406
959 121
896 1
2
76 707
745 656
6
885 471
912 226
681 357
505 423
450 874
711 703
4
235 712
917 573
484 250
962 488
20
471 599
762 646
607 854
55 68
60 114
656 552
540 732
983 244
706 887
578 450
998 647
691 512
406 61
871 150
781 22
798 950
755 221
107 955
470 973
29 253
15
988 308
523 280
172 679
507 796
12 886
990 415
55 868
263 168
379 823
325 812
485 579
807 894
403 36
880 755
849 803
8
698 152
746 401
812 308
915 209
936 437
502 767
107 529
937 288
18
599 973
964 144
679 807
404 893
313 237
15 343
963 593
152 444
174 226
842 57
35 33
975 981
90 673
460 225
428 100
178 239
130 521
193 119
16
962 29
458 103
517 357
193 625
353 50
238 71
124 677
13 777
882 452
716 811
305 623
769 551
523 317
843 594
19 12
395 429
7
921 684
605 805
549 809
284 769
409 655
73 167
611 227
18
46 545
852 656
348 981
747 460
182 578
802 64
906 598
404 800
723 881
132 99
918 869
776 685
35 614
967 861
741 755
320 2
381 181
493 433
7
904 784
82 719
857 85
365 976
999 193
767 971
500 520
1
486 541
17
170 541
840 838
868 44
94 694
333 942
313 743
95 294
168 743
409 812
841 587
999 371
670 282
584 264
627 499
799 333
126 440
381 719
8
629 436
701 324
60 303
58 453
563 112
5 652
337 801
879 243
4
920 892
708 575
341 997
597 178
1
101 360
2
628 739
413 627
3
384 476
211 568
562 64
12
637 279
181 53
915 70
798 705
830 923
152 984
188 137
307 63
836 549
386 810
217 968
697 280
15
957 758
945 80
716 939
143 38
438 987
227 541
42 731
753 115
967 379
966 879
851 445
585 890
788 757
256 355
581 177
8
874 331
19 912
391 592
893 766
900 920
405 203
768 650
593 884
6
417 708
593 533
44 186
872 153
355 360
821 546
7
383 896
595 843
515 768
117 464
231 759
21 54
947 406
16
560 657
403 654
250 564
175 798
124 730
749 647
370 332
664 893
434 867
164 606
181 909
552 243
642 816
26 883
752 767
35 842
6
523 4
757 96
315 106
690 771
70 431
846 536
8
561 334
402 972
534 314
617 970
8 815
103 1
629 485
813 190
6
328 937
278 850
162 171
200 321
57 97
222 598
16
983 837
296 172
746 299
96 41
311 409
264 483
399 698
330 970
159 883
76 160
645 34
26 565
581 868
605 347
485 457
323 859
1
539 502
11
556 472
401 858
78 579
225 725
514 306
48 236
292 219
680 888
830 697
550 110
548 606
20
304 592
72 908
466 451
641 818
735 654
906 698
517 784
472 569
87 704
786 168
394 141
681 398
130 836
656 597
693 882
879 89
576 506
155 284
825 257
712 733
13
137 273
857 987
947 951
595 480
960 585
465 468
450 691
759 565
974 634
272 122
813 486
809 803
355 817
12
720 679
495 741
511 604
38 217
450 208
593 604
647 11
712 179
770 850
9 530
240 597
69 909
10
622 708
638 297
3 426
130 919
141 71
957 118
857 153
807 75
327 77
214 398
10
662 942
988 95
876 95
805 257
193 470
903 780
928 847
667 281
375 401
870 954
11
730 811
966 897
821 942
415 724
120 140
162 724
851 98
287 332
846 667
10 799
843 718
1
403 20
19
526 80
598 237
551 408
262 716
973 503
378 884
938 29
27 113
934 209
929 988
187 664
488 674
184 399
915 308
115 333
518 159
578 748
287 668
716 138
16
794 188
299 526
179 14
129 254
157 613
454 593
762 371
497 804
434 538
528 894
327 531
557 548
193 13
844 271
259 353
900 120
18
892 332
242 325
116 799
361 176
142 51
722 740
303 862
123 155
873 819
524 345
169 556
94 159
375 623
275 555
254 46
335 7
636 210
197 264
8
224 756
674 202
383 124
227 566
432 548
645 725
319 174
680 797
9
453 359
248 830
653 314
26 338
852 756
174 30
991 390
813 996
624 755
17
859 767
973 634
823 31
313 598
941 138
334 838
765 1000
163 415
1 988
513 470
709 895
911 528
680 385
845 953
810 764
52 387
142 316
12
561 754
68 861
268 84
643 58
766 208
119 538
933 231
792 113
434 434
696 823
459 607
834 455
2
75 681
99 319
17
130 958
524 353
932 594
478 405
142 283
939 817
274 284
58 569
506 984
422 494
104 516
463 212
954 27
965 534
29 729
471 747
961 13
19
158 974
185 478
352 949
659 142
576 242
801 854
390 961
752 290
980 974
774 540
454 593
817 566
644 474
143 969
285 490
655 397
342 858
600 18
164 839
9
439 110
343 321
48 326
453 488
781 386
243 749
425 86
456 761
249 964
4
835 214
63 396
414 28
724 25
17
819 801
285 997
549 451
207 604
178 803
206 943
225 384
390 961
592 347
710 315
677 695
797 671
574 632
679 105
366 293
762 546
105 321
100
1 1
1 1
3 1
3 1
5 1
5 1
7 1
7 1
9 1
9 1
11 1
11 1
13 1
13 1
15 1
15 1
17 1
17 1
19 1
19 1
21 1
21 1
23 1
23 1
25 1
25 1
27 1
27 1
29 1
29 1
31 1
31 1
33 1
33 1
35 1
35 1
37 1
37 1
39 1
39 1
41 1
41 1
43 1
43 1
45 1
45 1
47 1
47 1
49 1
49 1
51 1
51 1
53 1
53 1
55 1
55 1
57 1
57 1
59 1
59 1
61 1
61 1
63 1
63 1
65 1
65 1
67 1
67 1
69 1
69 1
71 1
71 1
73 1
73 1
75 1
75 1
77 1
77 1
79 1
79 1
81 1
81 1
83 1
83 1
85 1
85 1
87 1
87 1
89 1
89 1
91 1
91 1
93 1
93 1
95 1
95 1
97 1
97 1
99 1
99 1
100
1 1
2 1
3 1
4 1
5 1
6 1
7 1
8 1
9 1
10 1
11 1
12 1
13 1
14 1
15 1
16 1
17 1
18 1
19 1
20 1
21 1
22 1
23 1
24 1
25 1
26 1
27 1
28 1
29 1
30 1
31 1
32 1
33 1
34 1
35 1
36 1
37 1
38 1
39 1
40 1
41 1
42 1
43 1
44 1
45 1
46 1
47 1
48 1
49 1
50 1
1 1
2 1
3 1
4 1
5 1
6 1
7 1
8 1
9 1
10 1
11 1
12 1
13 1
14 1
15 1
16 1
17 1
18 1
19 1
20 1
21 1
22 1
23 1
24 1
25 1
26 1
27 1
28 1
29 1
30 1
31 1
32 1
33 1
34 1
35 1
36 1
37 1
38 1
39 1
40 1
41 1
42 1
43 1
44 1
45 1
46 1
47 1
48 1
49 1
50 1
100
1 1
1 1
3 1
3 1
5 1
5 1
7 1
7 1
9 1
9 1
11 1
11 1
13 1
13 1
15 1
15 1
17 1
17 1
19 1
19 1
21 1
21 1
23 1
23 1
25 1
25 1
27 1
27 1
29 1
29 1
31 1
31 1
33 1
33 1
35 1
35 1
37 1
37 1
39 1
39 1
41 1
41 1
43 1
43 1
45 1
45 1
47 1
47 1
49 1
49 1
51 1
51 1
53 1
53 1
55 1
55 1
57 1
57 1
59 1
59 1
61 1
61 1
63 1
63 1
65 1
65 1
67 1
67 1
69 1
69 1
71 1
71 1
73 1
73 1
75 1
75 1
77 1
77 1
79 1
79 1
81 1
81 1
83 1
83 1
85 1
85 1
87 1
87 1
89 1
89 1
91 1
91 1
93 1
93 1
95 1
95 1
97 1
97 1
1 1
1 1
100
1 1
1 1
3 1
3 1
5 1
5 1
7 1
7 1
9 1
9 1
11 1
11 1
13 1
13 1
15 1
15 1
17 1
17 1
19 1
19 1
21 1
21 1
23 1
23 1
25 1
25 1
27 1
27 1
29 1
29 1
31 1
31 1
33 1
33 1
35 1
35 1
37 1
37 1
39 1
39 1
41 1
41 1
43 1
43 1
45 1
45 1
47 1
47 1
49 1
49 1
51 1
51 1
53 1
53 1
55 1
55 1
57 1
57 1
59 1
59 1
61 1
61 1
63 1
63 1
65 1
65 1
67 1
67 1
69 1
69 1
71 1
71 1
73 1
73 1
75 1
75 1
77 1
77 1
79 1
79 1
81 1
81 1
83 1
83 1
85 1
85 1
87 1
87 1
89 1
89 1
91 1
91 1
93 1
93 1
95 1
95 1
97 1
97 1
98 1
1 1
99
1 1
1 1
3 1
3 1
5 1
5 1
7 1
7 1
9 1
9 1
11 1
11 1
13 1
13 1
15 1
15 1
17 1
17 1
19 1
19 1
21 1
21 1
23 1
23 1
25 1
25 1
27 1
27 1
29 1
29 1
31 1
31 1
33 1
33 1
35 1
35 1
37 1
37 1
39 1
39 1
41 1
41 1
43 1
43 1
45 1
45 1
47 1
47 1
49 1
49 1
51 1
51 1
53 1
53 1
55 1
55 1
57 1
57 1
59 1
59 1
61 1
61 1
63 1
63 1
65 1
65 1
67 1
67 1
69 1
69 1
71 1
71 1
73 1
73 1
75 1
75 1
77 1
77 1
79 1
79 1
81 1
81 1
83 1
83 1
85 1
85 1
87 1
87 1
89 1
89 1
91 1
91 1
93 1
93 1
95 1
95 1
97 1
97 1
50 1
99
1 1
1 1
3 1
3 1
5 1
5 1
7 1
7 1
9 1
9 1
11 1
11 1
13 1
13 1
15 1
15 1
17 1
17 1
19 1
19 1
21 1
21 1
23 1
23 1
25 1
25 1
27 1
27 1
29 1
29 1
31 1
31 1
33 1
33 1
35 1
35 1
37 1
37 1
39 1
39 1
41 1
41 1
43 1
43 1
45 1
45 1
47 1
47 1
49 1
49 1
51 1
51 1
53 1
53 1
55 1
55 1
57 1
57 1
59 1
59 1
61 1
61 1
63 1
63 1
65 1
65 1
67 1
67 1
69 1
69 1
71 1
71 1
73 1
73 1
75 1
75 1
77 1
77 1
79 1
79 1
81 1
81 1
83 1
83 1
85 1
85 1
87 1
87 1
89 1
89 1
91 1
91 1
93 1
93 1
95 1
95 1
97 1
97 1
51 1
