100 1
8000
108 446
59 571
58 406
99 477
56 536
197 514
6 560
153 443
134 499
172 541
170 598
167 595
23 542
181 515
74 478
169 510
73 518
60 564
139 440
111 463
198 452
25 475
49 476
162 590
163 564
133 517
59 497
104 549
75 425
181 486
81 537
52 528
36 423
52 491
9 507
42 553
73 554
97 574
112 533
132 401
186 459
80 596
61 488
116 483
7 485
85 571
98 493
182 463
126 551
154 543
1 506
123 433
131 557
198 556
149 504
167 438
113 412
46 468
50 480
33 470
40 460
56 467
59 404
92 402
91 554
174 534
141 527
89 411
127 474
160 531
100 562
34 486
114 599
87 528
143 497
161 518
186 458
57 474
187 422
45 453
102 554
57 556
105 436
36 472
177 432
77 563
35 456
169 536
61 547
22 419
183 539
193 402
170 530
85 593
147 400
14 503
33 467
166 416
41 481
153 428

200 1
8000
153 564
9 455
114 535
136 426
38 594
80 478
161 545
129 496
22 484
82 501
51 594
121 448
84 524
128 580
88 500
162 528
121 448
116 409
95 437
1 590
25 411
11 448
73 527
83 562
106 508
35 432
91 478
125 462
113 510
75 442
164 486
128 402
26 473
77 560
71 478
53 477
63 549
67 539
61 446
181 501
134 577
97 476
94 444
85 452
108 513
101 417
174 448
171 472
137 444
147 485
33 554
42 522
176 451
125 504
74 440
75 543
159 443
35 407
73 467
17 578
34 460
129 562
56 534
19 446
39 494
54 502
69 575
116 574
45 441
36 591
24 428
123 543
153 474
181 462
75 448
89 475
127 453
136 529
150 435
138 555
123 552
5 590
173 400
87 446
108 479
144 564
108 425
189 577
64 500
143 480
29 484
182 558
161 587
152 544
99 589
172 431
151 434
166 555
179 447
182 520
17 468
17 517
60 576
83 544
192 474
170 445
67 497
115 563
172 505
163 504
97 573
125 519
159 445
45 420
133 436
138 569
144 543
151 593
167 503
79 447
127 425
55 518
114 550
26 565
12 514
15 433
1 408
170 565
51 574
104 525
170 456
59 568
182 534
57 506
13 436
176 547
76 596
61 442
23 425
114 535
81 573
107 590
170 405
94 591
13 436
105 532
30 511
164 421
57 405
179 420
74 509
82 513
29 562
48 450
151 515
1 498
73 562
60 448
2 487
131 457
5 555
127 541
108 411
27 428
52 459
87 582
79 486
54 518
19 567
8 512
159 495
30 566
127 507
196 413
67 533
5 590
3 432
46 416
172 585
119 483
116 594
124 470
70 542
65 567
117 543
181 593
28 596
188 526
156 520
123 471
195 581
162 444
12 511
30 558
183 428
18 537
67 577
143 501
31 454
66 487

200 2
200 500
182 58 86
174 41 62
2 35 89
42 32 71
42 35 64
117 28 64
187 53 66
34 21 89
125 23 50
9 58 83
85 25 71
127 28 81
189 48 82
188 30 41
55 37 89
98 25 73
186 55 67
189 59 60
8 21 65
66 40 80
72 45 48
120 50 65
74 44 43
129 41 78
165 58 41
188 37 80
83 42 43
150 53 65
145 49 49
15 36 65
193 49 87
89 31 72
52 22 62
24 26 66
112 41 89
68 31 52
151 36 71
73 51 66
135 36 46
70 30 79
49 27 47
125 23 60
128 28 52
198 50 66
21 46 44
164 40 87
68 42 59
66 39 52
141 43 80
134 45 66
54 22 59
107 54 42
172 20 79
134 53 89
156 40 71
181 40 60
188 44 51
124 39 53
2 45 46
35 23 57
22 30 81
30 39 53
50 30 63
77 46 70
0 26 76
7 54 66
111 46 70
172 23 82
131 25 65
79 57 46
117 31 72
19 25 82
58 38 53
196 55 85
1 21 70
97 23 51
168 57 81
65 30 73
35 26 70
45 41 41
28 43 60
196 41 52
99 31 53
38 28 82
159 43 75
57 58 74
43 35 80
192 31 87
109 27 62
138 39 56
118 47 61
114 57 45
122 37 84
59 48 72
35 25 65
138 54 65
115 45 49
78 35 41
42 35 57
119 41 89
22 23 74
144 42 59
9 47 73
77 35 68
167 36 65
120 29 78
119 48 47
116 57 43
88 37 83
24 29 64
182 22 62
152 40 51
140 46 48
153 24 49
22 58 74
78 31 66
197 25 58
147 43 78
45 52 65
8 29 48
12 44 75
113 47 48
35 36 55
6 23 77
150 28 66
198 44 81
47 23 85
58 27 63
93 42 41
62 32 59
8 36 87
24 23 56
167 37 70
100 38 73
51 38 44
184 51 42
161 56 55
115 39 82
58 22 56
154 34 45
181 36 68
46 40 44
32 54 41
83 42 87
158 31 73
67 20 72
120 30 68
87 24 76
8 33 65
179 38 50
23 30 60
70 43 55
150 31 54
61 35 42
190 59 64
78 38 46
125 25 67
94 48 77
110 23 74
113 20 50
38 30 55
55 55 53
23 30 59
110 47 46
163 42 61
126 21 70
90 56 64
64 36 69
30 59 70
68 33 46
177 28 62
124 57 59
102 40 70
145 44 71
63 55 40
39 52 46
159 25 46
146 57 73
197 27 69
108 47 70
76 40 84
89 55 60
94 40 83
170 24 89
197 38 64
33 20 40
8 40 50
159 36 70
134 21 67
92 26 70
0 42 52
167 53 67
0 21 66
37 50 49
134 53 56
118 35 59
124 21 64
199 36 73
193 37 57
55 22 71

200 2
200 400
103 22 61
148 32 32
157 22 56
178 40 72
182 51 77
126 41 48
172 21 47
111 55 52
98 57 38
120 48 51
150 33 32
115 37 47
120 58 64
130 21 35
41 36 56
22 27 48
177 39 63
14 57 41
139 30 68
148 38 59
70 20 31
178 46 52
63 28 74
1 35 66
143 56 50
7 31 58
111 53 79
99 23 46
42 55 35
84 23 54
198 55 40
25 54 79
20 30 31
191 55 33
99 40 69
39 29 73
39 39 51
90 54 32
132 38 70
187 44 54
78 33 49
78 52 33
23 30 38
69 34 31
129 54 46
94 22 62
78 51 63
185 47 78
32 47 52
21 39 61
144 28 31
92 28 79
114 50 76
16 29 74
110 49 62
31 55 66
37 30 63
199 22 52
146 57 32
62 32 61
88 46 35
100 21 54
119 44 58
88 51 46
142 30 72
14 41 49
59 31 66
193 32 48
105 58 73
70 32 42
24 46 43
185 59 30
79 57 75
19 22 68
114 20 78
191 33 54
132 56 31
41 39 68
71 36 43
100 28 78
122 44 74
191 24 54
145 48 31
169 59 40
53 50 46
183 32 67
56 27 46
172 28 79
171 20 73
13 33 71
142 54 58
125 22 32
149 35 31
105 23 56
106 43 36
83 34 41
12 54 70
165 46 54
19 21 32
198 50 30
64 42 33
102 48 79
36 55 63
119 53 59
19 48 43
14 36 50
81 53 30
23 24 74
126 59 53
11 35 66
128 53 70
22 42 50
177 32 56
83 20 66
8 28 40
25 57 54
74 34 45
196 55 71
42 31 30
80 31 67
180 37 57
182 57 71
9 57 53
108 37 56
71 35 48
110 54 52
103 52 43
157 51 40
59 37 74
2 58 67
88 35 77
102 56 53
136 31 76
195 55 47
165 29 47
108 40 43
68 35 38
105 32 75
190 50 66
149 51 68
14 59 79
192 59 75
179 29 74
136 23 53
177 37 35
24 45 64
103 25 65
58 58 67
41 39 54
5 28 66
199 45 53
149 36 60
166 32 35
149 36 56
162 52 42
5 29 35
103 55 42
62 28 33
0 31 46
50 46 61
105 20 71
37 35 53
11 59 79
197 40 35
164 44 68
53 21 55
54 49 37
147 43 40
180 50 72
85 21 52
4 41 51
26 44 45
159 30 34
50 39 32
95 59 46
30 56 35
112 20 67
21 44 41
99 29 39
119 27 39
62 37 78
12 31 64
168 33 65
15 21 32
113 38 68
31 34 70
115 55 62
135 34 53
153 58 66
121 34 46
179 35 75
167 58 73
162 45 48
116 31 40
187 38 44
189 58 79
47 49 53
92 52 52
116 34 40
19 36 32

50 3
60 60 60
6 11 13 12
37 11 16 15
93 17 14 10
46 10 16 15
123 16 17 19
86 18 13 19
56 11 16 16
87 12 13 17
188 17 11 10
170 10 17 16
69 10 18 11
117 18 10 17
21 14 17 19
131 10 12 15
50 10 17 15
66 14 15 19
91 18 19 10
176 10 10 16
135 15 19 12
199 17 19 16
99 14 16 16
137 12 19 15
46 16 18 19
4 18 12 19
175 13 17 19
140 19 12 18
141 10 10 11
24 16 13 12
94 13 10 19
100 12 16 15
176 10 18 10
19 12 12 15
75 10 12 10
102 17 16 12
108 18 13 11
159 14 14 11
23 15 11 12
176 15 12 13
177 18 19 11
72 17 13 13
186 18 18 16
24 10 19 18
76 14 13 12
23 19 19 17
96 13 13 19
65 16 17 15
171 13 18 14
54 12 14 18
167 10 12 14
149 16 11 16

50 3
60 60 60
152 13 10 10
89 10 11 17
163 18 10 13
30 11 19 12
170 14 11 10
15 12 18 16
91 12 15 17
1 13 16 14
168 15 14 10
119 10 15 17
30 19 11 13
46 19 19 18
166 16 16 18
84 17 13 15
18 10 14 15
147 10 11 13
183 16 16 15
141 19 17 14
34 17 15 14
174 12 10 17
193 11 16 12
58 17 13 11
89 15 12 14
163 15 10 14
82 11 15 10
98 11 11 12
58 19 13 12
147 15 15 15
162 16 18 10
26 16 19 19
105 14 14 19
80 13 10 11
7 10 14 16
65 19 18 19
53 11 15 15
109 16 14 12
50 11 16 13
92 13 15 12
74 13 14 11
187 18 15 13
150 10 10 13
180 10 10 15
38 19 17 15
75 18 11 10
59 18 11 16
52 11 13 19
164 13 15 18
157 13 14 10
74 13 19 10
172 11 18 12

50 4
31 31 15 15
80 11 9 6 4
258 11 9 5 3
403 9 8 6 5
82 10 8 5 4
454 9 8 7 4
181 8 7 7 5
459 10 7 5 5
135 11 6 5 4
339 11 6 6 4
240 11 6 5 5
300 11 9 7 5
439 9 7 7 5
307 10 8 7 3
316 9 6 7 4
101 8 9 7 4
127 8 7 6 5
424 8 7 6 3
499 10 7 5 5
496 9 8 5 4
9 10 8 5 4
236 8 9 5 5
273 10 9 5 5
437 9 8 5 5
314 11 6 7 4
36 10 8 6 5
362 10 7 6 4
149 10 6 5 3
13 11 7 6 5
106 11 7 5 3
582 10 7 5 5
275 10 6 5 3
372 11 9 7 5
190 9 7 7 5
310 9 6 7 4
21 8 7 7 4
502 8 7 7 4
120 11 7 6 4
590 10 7 7 5
498 10 7 6 5
11 8 7 5 4
531 11 9 6 5
406 8 9 6 5
113 9 7 6 4
403 8 8 7 5
72 9 7 5 3
44 10 6 6 4
157 8 6 6 3
16 8 9 5 5
97 11 6 7 5
240 11 9 6 4

50 4
31 31 15 15
475 8 9 5 4
545 11 9 7 3
793 9 7 7 4
678 8 8 7 3
104 11 9 7 4
897 10 6 6 4
265 8 6 6 5
172 10 8 7 3
333 8 6 7 4
816 10 6 7 3
859 8 8 6 4
430 9 8 6 4
696 9 8 5 5
458 10 6 5 3
462 11 7 7 4
872 9 7 6 3
301 8 9 6 5
629 10 8 6 5
471 11 9 6 5
264 11 9 5 4
568 9 7 5 3
149 9 9 5 5
824 8 9 5 5
775 8 6 5 5
349 8 7 5 5
303 11 9 6 4
760 9 6 7 3
551 11 9 6 3
887 11 7 7 5
481 11 8 6 4
21 10 9 7 4
695 10 6 7 3
595 8 9 6 5
869 10 8 6 3
525 8 6 5 3
378 9 7 7 3
604 11 9 5 5
92 10 8 7 5
881 9 8 6 3
180 10 9 7 5
782 8 8 7 3
383 11 8 7 4
853 10 7 5 4
593 11 6 7 5
341 8 8 7 5
690 8 6 7 5
415 10 7 5 3
773 8 6 7 5
878 11 6 6 3
552 8 8 6 4

30 5
7 15 7 6 7
793 3 4 2 3 1
82 2 5 1 2 2
836 3 5 1 3 2
499 3 4 1 3 2
525 3 4 2 2 2
630 2 5 1 2 1
705 3 4 1 2 2
804 2 5 2 3 2
37 2 5 1 3 2
887 3 5 2 2 2
46 3 4 1 3 2
715 3 4 2 2 1
233 2 4 1 3 2
135 2 4 2 2 1
92 2 5 1 2 1
496 2 4 1 2 2
601 2 4 2 3 2
718 2 4 1 3 1
664 2 4 2 2 1
308 2 5 2 3 1
51 2 4 1 2 2
728 3 5 1 3 1
676 2 4 1 3 1
265 3 5 1 3 1
35 2 5 1 2 2
107 2 4 2 3 2
491 2 4 2 3 1
570 3 5 2 2 1
384 2 4 2 2 1
62 3 5 2 2 2
