19
10 861017
0 100
0 1
1 1
999999 123
1000000000000 1
999999 999999
1000000 999999
999998 999999
9817511044281612327601969469260852524454133778232306041615 518734
1636510662355390252808 571568
6524165653060949819116924405487954975181304029721196564715212007 284635
231 836956
764866105993330894442208088815409415265858167767 236597
2293629597242367557938617840628352221597425249 122023
918023868427454590697532343904691190382008404636157921634683853011151262879537602552 977012
8002860139592857991353286431414625667899254569187229575131128562730 309760
5485689368062089989918979580153666080682847 35222
2752562139411237222649646101184359306282374738270684924212 514511
