99 100
76 77 15350
35 36 1869
8 9 29358
14 15 16827
30 31 19895
3 4 6334
55 56 20037
92 93 32439
93 94 24626
53 54 32662
38 39 26299
66 67 30106
22 23 14604
20 21 5436
79 80 24393
59 60 27529
49 50 28253
37 38 25667
91 92 16944
96 97 21538
43 44 31322
86 87 11840
63 64 22190
68 69 8942
52 53 27644
23 24 3902
33 34 14771
21 22 32391
34 35 11538
48 49 7711
84 85 19954
40 41 9894
27 28 17421
46 47 4664
31 32 5447
61 62 12316
9 10 26962
5 6 19169
56 57 12859
42 43 23811
6 7 15724
94 95 11323
88 89 7376
95 96 5537
26 27 12382
45 46 17673
47 48 15141
89 90 13931
82 83 12623
41 42 28703
11 12 5705
70 71 22648
74 75 6729
85 86 18756
99 100 22929
10 11 24464
97 98 16118
87 88 4966
28 29 18716
44 45 30333
15 16 9961
25 26 292
18 19 11942
12 13 28145
83 84 24084
60 61 778
81 82 19629
64 65 1842
65 66 288
98 99 2082
58 59 9741
73 74 15890
17 18 2995
71 72 27446
75 76 24370
78 79 31101
4 5 26500
16 17 491
72 73 23805
80 81 3548
29 30 19718
36 37 19912
69 70 19264
2 3 18467
77 78 15006
7 8 11478
54 55 32757
32 33 21726
51 52 25547
50 51 6868
24 25 153
1 2 41
90 91 26308
67 68 9040
62 63 3035
13 14 23281
19 20 4827
39 40 17035
57 58 8723
3 3
1 2 1
1 3 2
2 3 4
1 3
2 3 2
4 5
1 2 10
1 2 1
3 5 4
5 4 10
5 5
1 2 10
1 2 1
3 5 4
5 4 10
2 3 3
0 100