10 0.01
0.358734 0.655304
0.365753 0.628754
0.572083 0.298523
0.689789 0.585052
0.849701 0.231140
0.980255 0.294373
0.442474 0.902222
0.784973 0.928253
0.890778 0.024963
0.460876 0.426178
10 0.02
0.845520 0.739014
0.812378 0.205505
0.062897 0.251007
0.294037 0.178314
0.479004 0.235291
0.934143 0.605927
0.771332 0.775360
0.635101 0.822723
0.312225 0.127625
0.006989 0.360291
10 0.03
0.921539 0.088837
0.390686 0.503082
0.324341 0.247986
0.226593 0.807343
0.719818 0.904510
0.425446 0.613647
0.367767 0.933685
0.897125 0.085327
0.599152 0.380402
0.894196 0.803192
10 0.04
0.156342 0.062866
0.325806 0.448334
0.270050 0.967163
0.698944 0.603912
0.378601 0.714325
0.842499 0.207611
0.896179 0.880646
0.071014 0.685333
0.936096 0.452942
0.944122 0.298157
10 0.05
0.395325 0.199677
0.277863 0.733215
0.306732 0.239594
0.564240 0.470032
0.865021 0.588623
0.455292 0.953491
0.032898 0.966553
0.467651 0.104706
0.133423 0.645050
0.564392 0.201080
10 0.06
0.334961 0.617432
0.769775 0.656586
0.435028 0.872467
0.473633 0.733887
0.849274 0.052490
0.581360 0.719299
0.211517 0.277893
0.165863 0.591736
0.491730 0.418701
0.777863 0.717224
10 0.07
0.037506 0.594574
0.070343 0.600098
0.445862 0.184906
0.894043 0.221802
0.671295 0.129547
0.519714 0.999207
0.276245 0.802063
0.143555 0.892975
0.230713 0.236389
0.332184 0.697845
10 0.08
0.166626 0.988312
0.563354 0.045624
0.493835 0.412872
0.518433 0.152313
0.283386 0.639160
0.283295 0.840851
0.324829 0.023560
0.113617 0.870239
0.263641 0.362671
0.920715 0.102600
10 0.09
0.224701 0.647461
0.134552 0.539581
0.828705 0.639526
0.099823 0.758881
0.007080 0.050812
0.661560 0.782532
0.522217 0.608276
0.096405 0.908203
0.598938 0.784515
0.045715 0.534363
10 0.10
0.573517 0.475494
0.607208 0.511078
0.966522 0.407043
0.240631 0.047363
0.885864 0.550873
0.644531 0.706329
0.165985 0.331879
0.259674 0.519714
0.149780 0.907410
0.555817 0.752533
