106
3 3
2 2
1 7 3
2 6 3
3 5 4
2 2
2 1
2 7
2 6
1 1
1 1
20
5 5
3 3
1 1 1 1 1
1 1 1 1 1
1 1 2 1 1
1 1 1 1 1
1 1 1 1 1
5 5
3 3
10 10 10 10 10
10 1 1 1 10
10 1 2 1 10
10 1 1 1 10
10 10 10 10 10
5 5
3 3
3 10 10 10 3
10 5 5 5 10
10 5 5 5 10
10 5 5 5 10
3 10 10 10 3
1 2
1 1
823 175
8 4
1 1
989 120 9 532
602 167 451 58
784 520 876 956
540 463 863 780
997 612 267 841
376 678 9 276
588 838 485 744
458 745 600 736
6 2
3 2
752 169
492 700
148 142
693 427
967 154
822 192
9 2
7 1
683 722
124 835
518 427
950 550
472 847
457 983
740 197
840 501
28 573
6 9
4 8
110 315 287 141 835 601 253 2 807
211 554 114 753 544 437 697 437 578
629 505 696 190 179 458 98 95 932
895 228 411 629 452 598 855 625 566
185 556 243 605 585 495 741 621 805
577 912 728 668 316 306 109 852 155
1 7
1 3
466 153 738 827 874 301 128
8 7
1 5
105 228 920 663 493 497 510
689 607 6 101 864 748 381
553 956 177 132 952 28 56
132 865 722 15 708 218 169
341 368 803 527 799 145 403
137 67 574 549 312 809 285
896 744 362 229 230 543 54
525 95 892 147 932 48 337
4 10
3 7
260 526 399 586 685 436 8 602 577 223
5 83 856 812 692 531 143 728 32 645
86 948 275 982 293 368 219 241 903 903
81 172 776 211 4 115 312 39 190 154
9 2
6 2
922 151
570 944
579 256
351 796
71 591
198 645
605 442
397 593
950 392
2 6
2 1
261 896 729 394 904 389
354 746 740 201 681 368
2 3
2 3
80 28 308
143 68 725
7 7
1 1
465 728 680 373 50 170 311
213 485 440 606 402 843 624
54 864 307 27 392 32 858
402 612 876 596 794 591 570
673 11 342 772 870 726 894
536 781 198 798 849 629 617
251 789 714 82 856 308 473
2 10
2 2
275 839 372 233 232 972 23 152 10 644
415 91 700 658 536 54 260 864 88 710
9 3
6 3
872 913 441
355 428 1
774 90 684
155 49 19
648 915 432
243 655 23
139 551 464
301 343 609
985 151 712
8 7
6 4
549 247 493 670 624 799 989
630 592 506 450 941 252 731
626 642 557 447 997 601 173
333 654 428 679 498 803 5
376 828 892 651 734 958 364
905 455 870 40 937 165 117
119 581 732 670 809 998 205
389 581 961 382 121 47 762
1 5
1 4
560 923 857 491 748
3 8
2 5
705 732 915 797 395 53 1 757
155 671 346 799 982 296 875 101
144 309 814 815 898 270 230 875
9 1
2 1
895
547
523
1000
868
147
285
974
717
7 8
1 4
916 33 449 229 157 502 755 214
772 557 852 539 870 228 372 35
398 325 202 126 894 223 561 424
865 268 682 959 789 819 136 21
749 903 768 631 683 501 266 647
264 461 352 477 404 28 597 433
383 11 866 700 603 560 379 938
10 6
5 3
875 782 589 280 875 302
867 191 891 29 60 257
117 495 50 338 516 413
602 476 952 835 802 871
940 944 128 473 27 455
137 213 798 659 782 843
499 76 357 410 298 745
59 359 159 132 182 250
347 665 933 106 558 896
873 389 672 282 983 595
2 7
1 4
949 983 514 899 327 571 349
291 923 807 687 767 722 342
5 9
3 6
641 760 159 787 439 507 69 983 616
368 861 242 51 173 221 787 84 137
563 633 454 334 283 874 869 796 635
595 195 232 240 407 273 380 207 605
362 977 896 954 202 356 291 100 710
7 1
5 1
747
913
606
785
543
395
102
1 3
1 3
48 57 86
10 9
5 6
946 3 50 422 604 415 624 5 395
317 854 198 470 434 419 581 338 952
419 777 152 88 472 333 615 281 440
221 519 8 771 970 904 223 479 415
842 428 735 82 847 360 95 189 914
311 342 273 173 66 964 447 180 473
249 278 823 630 8 290 860 708 922
94 77 384 516 141 75 915 756 102
678 825 272 871 971 221 205 193 957
739 680 922 845 106 904 893 957 332
9 5
3 3
795 487 560 348 912
369 212 51 249 145
609 197 762 637 175
964 198 48 37 83
569 219 305 412 252
509 988 122 707 295
526 518 830 104 947
474 919 366 660 508
280 792 859 464 443
4 6
4 1
41 256 708 134 857 219
314 607 956 387 238 593
17 917 225 966 400 336
626 290 899 329 461 413
2 2
1 2
491 654
640 831
9 10
7 4
853 744 236 784 564 125 414 171 242 226
699 644 330 321 163 277 237 625 583 713
715 701 127 381 865 496 672 350 765 1
749 795 724 539 102 97 162 671 889 570
112 734 488 802 349 999 948 631 146 458
49 743 651 235 995 894 892 616 732 757
405 717 887 395 489 762 336 361 82 998
397 415 270 225 642 879 412 965 342 604
895 236 532 568 511 971 703 104 467 50
2 8
1 8
751 679 663 72 862 889 153 574
176 835 859 983 709 816 975 315
3 10
1 9
206 754 375 631 737 389 981 328 628 491
269 66 454 647 267 625 103 498 705 372
962 455 521 791 738 52 991 644 901 916
5 8
4 3
823 435 83 626 327 485 562 697
402 889 607 802 815 82 983 500
568 862 990 403 399 931 278 526
918 48 289 259 352 819 323 962
934 104 228 192 897 55 720 548
2 8
1 2
328 599 926 710 72 15 998 306
135 188 378 678 708 124 731 228
2 5
2 4
289 858 158 963 585
69 399 735 597 564
3 2
1 2
857 444
48 301
221 290
9 9
6 5
818 966 88 577 593 581 789 882 968
419 359 318 782 62 398 446 569 607
376 906 813 949 198 514 826 691 397
983 254 681 951 272 203 170 723 557
997 599 526 833 552 6 818 131 382
66 17 370 231 747 440 827 320 598
873 237 235 656 761 512 420 985 23
93 318 833 495 920 113 418 996 31
119 341 21 782 777 615 53 698 287
4 6
4 6
940 307 426 605 166 49
503 16 537 849 350 117
549 766 918 209 448 875
539 250 644 954 146 859
8 9
1 9
203 198 761 954 635 423 395 768 692
499 84 183 622 980 982 56 415 398
303 53 597 335 923 26 636 104 600
21 979 76 821 904 711 615 278 616
839 646 960 52 206 846 881 564 21
462 428 90 26 753 326 912 272 50
247 26 538 457 22 156 362 160 496
375 699 372 996 364 212 898 434 288
2 4
1 2
19 847 627 675
477 690 741 553
4 2
1 1
70 499
788 656
421 857
331 61
6 6
6 2
911 604 632 806 576 677
133 37 399 182 21 764
365 572 798 245 335 443
472 520 454 217 776 414
192 467 17 167 999 852
548 689 595 687 868 436
9 2
4 2
444 15
546 813
786 261
250 754
39 968
2 673
409 97
362 822
206 787
8 4
5 2
886 802 421 572
958 508 41 433
274 576 936 397
644 778 334 116
348 349 903 443
730 372 157 125
423 773 498 117
198 961 870 528
5 1
1 1
215
852
549
811
58
2 2
2 1
113 107
1000 845
8 9
1 2
694 418 788 336 660 600 257 572 558
446 656 193 515 636 941 454 799 368
5 320 323 898 500 815 774 698 275
993 366 241 442 536 222 413 71 979
375 545 503 554 395 77 292 666 650
841 772 989 178 969 250 187 193 434
819 266 214 205 800 543 823 33 813
243 35 862 462 727 310 867 656 334
2 2
2 2
495 821
101 635
4 4
2 2
417 551 880 47
391 222 938 747
435 616 830 406
713 987 947 459
4 6
1 4
112 386 34 263 567 235
850 706 53 899 341 745
138 532 234 98 758 846
551 358 971 900 667 589
4 6
1 4
913 275 376 546 902 255
862 891 884 241 443 17
710 670 159 189 999 160
929 858 271 672 998 627
7 3
7 3
483 646 642
880 866 926
41 856 752
562 644 240
962 497 805
882 119 105
974 747 142
8 6
3 3
796 142 307 383 702 996
772 236 121 325 822 610
87 808 721 368 652 491
313 821 162 358 115 611
175 522 44 210 991 37
762 54 814 344 649 294
537 336 402 174 154 47
256 38 791 975 832 955
4 1
3 1
894
28
31
15
4 1
1 1
260
48
285
735
9 5
4 1
705 191 309 378 466
295 557 541 571 341
377 218 65 324 138
448 850 237 445 663
604 264 866 191 309
595 275 382 412 868
827 365 615 235 558
427 278 54 603 14
460 205 47 362 578
1 4
1 3
909 671 383 405
5 2
5 1
227 670
449 685
411 668
560 174
642 714
5 4
5 4
847 992 367 29
92 258 252 382
904 571 469 523
507 723 274 671
81 380 992 912
9 3
5 1
51 791 85
841 882 782
552 938 935
199 124 15
613 950 592
603 425 151
840 317 864
31 34 572
912 469 441
10 2
2 2
111 606
374 739
504 948
417 764
480 669
615 276
192 631
1000 166
60 331
589 446
9 8
3 4
475 22 470 621 190 230 44 8
717 493 331 278 767 179 434 432
275 942 273 122 252 350 252 583
254 140 543 210 483 97 994 742
506 556 668 81 605 533 996 733
750 479 571 875 194 657 554 44
699 147 706 459 382 476 53 956
188 870 171 558 985 134 92 665
293 155 844 871 624 33 608 407
5 9
3 2
850 960 997 586 630 176 947 588 274
213 249 896 363 37 131 411 686 724
62 447 962 962 284 539 185 184 974
890 600 318 32 438 299 169 486 543
445 422 530 307 115 267 185 513 781
7 6
2 3
197 874 826 141 619 769
133 729 941 691 545 422
207 569 252 607 865 239
902 19 777 488 914 596
842 707 420 945 256 182
834 442 385 999 37 956
270 582 203 194 761 855
3 7
1 1
820 336 126 978 150 732 633
354 209 906 645 161 728 856
843 89 750 626 615 408 818
1 6
1 5
21 597 60 313 619 760
8 9
5 5
924 273 458 885 160 491 735 879 392
48 16 938 960 867 266 720 571 405
503 621 830 466 149 906 403 650 998
459 803 412 820 168 797 757 576 924
442 558 271 250 746 491 427 559 955
611 177 28 459 533 989 107 329 256
16 641 480 603 67 631 451 283 203
608 818 589 962 642 231 709 205 963
1 7
1 2
732 904 673 371 543 439 619
2 3
2 2
258 386 34
578 42 646
7 3
7 3
254 993 432
61 742 726
723 707 693
511 949 448
170 569 77
794 860 20
411 497 899
3 8
3 3
781 961 798 46 74 729 687 740
546 187 964 958 523 736 505 175
687 253 762 333 180 978 681 32
4 1
1 1
955
459
568
274
5 2
5 2
191 69
476 532
999 300
475 154
785 705
9 3
2 1
833 817 319
402 177 691
144 609 278
115 178 453
535 307 777
890 103 495
681 535 296
617 227 663
627 629 203
9 5
5 2
166 317 545 301 181
752 73 621 338 918
749 838 149 715 262
573 936 573 349 109
209 868 481 608 668
952 183 966 837 816
977 277 312 374 943
941 644 376 915 377
843 936 298 375 503
8 6
1 4
632 21 539 669 412 110
20 208 484 114 762 908
711 401 501 106 662 932
553 622 519 454 538 267
615 310 729 969 592 889
22 529 189 684 537 996
648 991 838 676 756 221
782 758 496 839 992 566
4 10
4 5
154 425 732 252 738 836 338 503 981 782
678 110 651 13 165 770 799 111 940 965
801 802 715 590 14 903 251 211 63 884
451 940 750 64 86 942 589 423 142 560
10 1
8 1
926
182
989
72
583
955
703
466
152
657
8 2
5 2
281 57
993 194
866 441
278 109
227 978
950 120
581 94
140 35
7 7
3 7
74 480 223 509 4 73 844
84 578 522 138 851 584 622
786 792 511 777 210 795 282
503 104 477 594 561 601 618
896 708 52 233 983 76 438
261 219 177 408 882 387 533
934 459 161 925 601 101 200
3 6
3 6
160 836 542 621 916 944
153 893 416 218 963 781
439 450 197 226 673 878
4 9
2 8
137 515 481 96 45 248 773 663 537
140 92 428 863 601 614 264 502 354
575 831 228 33 649 979 802 402 951
787 288 207 668 223 997 647 310 428
1 5
1 4
566 698 940 663 491
10 7
2 1
533 453 299 701 802 287 246
63 623 905 169 993 97 702
908 651 59 928 258 35 179
569 877 181 677 848 825 973
678 359 720 587 180 816 529
557 654 432 971 466 267 928
556 265 725 155 247 209 754
353 742 429 190 29 383 120
705 459 696 359 154 817 548
545 548 933 931 469 653 665
4 10
1 10
983 402 783 231 87 283 234 103 538 153
818 805 616 617 908 913 561 196 340 438
735 763 389 570 412 611 364 66 180 146
830 248 981 203 458 635 772 984 499 195
9 7
8 2
547 411 913 856 201 535 677
177 879 601 955 996 381 657
850 215 605 895 3 831 585
967 441 573 148 924 53 147
203 788 681 122 646 737 848
428 901 924 104 490 75 921
997 979 745 781 676 191 371
732 106 53 327 492 922 749
562 214 897 977 887 47 45
9 9
3 4
272 444 412 59 331 918 84 769 784
914 656 907 575 700 642 17 806 240
79 588 369 858 466 533 201 517 332
284 160 734 430 514 532 112 547 484
156 504 951 20 182 794 457 107 448
311 113 112 483 859 525 630 138 383
789 964 838 251 67 212 463 163 770
998 849 689 378 817 919 429 884 5
438 796 857 341 388 426 131 268 976
3 2
3 1
982 797
690 405
746 175
2 6
2 4
920 366 459 455 997 76
789 745 474 320 825 30
2 5
2 1
862 678 844 690 101
441 2 600 715 920
2 1
2 1
145
618
10 8
3 7
464 583 179 893 679 97 292 649
667 293 548 252 771 481 776 508
407 886 286 810 539 900 156 709
773 965 141 99 83 71 207 39
158 893 695 192 373 535 103 890
389 918 497 828 373 779 546 380
848 300 183 538 165 363 887 481
601 430 599 766 78 45 252 144
517 962 933 1 807 902 668 425
401 932 833 896 543 464 187 605
2 9
2 4
95 827 13 322 689 12 992 856 18
788 622 690 482 245 988 183 734 967
9 5
3 3
275 942 659 927 233
984 388 355 692 492
331 308 692 656 854
39 289 106 530 945
101 726 492 697 457
99 405 995 190 574
59 945 46 954 599
63 715 813 366 906
497 441 375 326 581
5 5
2 5
750 741 658 970 799
486 774 434 610 572
755 464 36 333 604
864 416 738 263 168
893 236 247 295 354
3 9
3 9
168 253 982 526 277 568 15 959 904
430 515 77 487 515 123 487 156 972
952 315 954 420 625 521 687 582 934
9 4
5 1
353 446 599 818
671 267 820 517
756 685 120 797
362 903 42 77
102 92 128 29
138 624 926 618
497 908 616 758
14 873 267 600
897 57 711 442
10 4
1 2
236 269 800 875
826 70 604 733
555 207 654 317
871 624 675 182
120 589 555 614
484 167 602 917
552 316 420 324
509 612 415 528
951 595 924 845
330 742 967 1000
1 1
1 1
1
4 1
4 1
920
104
846
363
3 6
1 5
38 55 435 175 722 545
102 948 102 448 302 236
170 401 286 168 729 632
