1
2
3
4
10
9
8
7
6
5
40
39
38
37
36
35
30
31
32
33
34
29
28
27
26
25
21
23
22
24
20
19
18
17
16
11
12
13
14
15
10
9
8
7
6
1
2
3
4
1
2
3
4
10
9
8
7
6
5
40
39
38
37
36
35
30
31
32
33
34
29
28
27
26
25
21
23
22
24
20
19
18
17
16
11
12
13
14
15
10
9
8
7
6
1
2
3
4
5
6
1
40
30
15
18
20
10
9
8
7
6
5
4
3
2
1
12
5
6
1
40
30
15
18
20
10
9
8
7
6
5
4
3
2
1
12
1
2
3
4
10
9
8
7
6
5
40
39
38
37
36
35
30
31
32
33
34
29
28
27
26
25
21
23
22
24
20
19
18
17
16
11
12
13
14
15
10
9
8
7
6
1
2
3
4
5
6
1
40
30
15
18
20
10
9
8
7
6
5
4
3
2
1
12
0
