100
3 1 2
2 2 3
1 3
0
3 1 2
2 2 3
2 1 3
2 1 2
1 1 1000000000
0
1 1 0
0
2 2 1000000000
1 2
1 1
2 2 99999999
1 2
1 1
2 2 1000000000
0
1 1
2 2 1000000000
1 2
0
3 1 2
1 2
1 3
2 1 2
40 35 20928
2 8 26
1 32
1 30
2 22 28
2 28 33
2 2 27
1 20
0
3 20 25 37
0
4 2 17 25 34
2 4 33
1 8
2 8 24
2 12 40
0
1 32
0
5 7 14 22 26 36
1 15
1 19
0
1 40
2 1 25
1 3
0
5 1 6 11 18 32
1 26
0
4 3 7 24 31
0
4 7 10 18 31
0
1 36
1 32
2 25 40
2 8 9
2 23 27
2 9 26
1 34
95 61 18510
6 2 8 26 53 60 87
3 5 50 80
2 14 63
3 12 38 63
5 27 33 35 90 93
3 35 46 74
5 10 36 62 87 92
2 41 92
4 1 40 67 82
6 6 40 43 55 62 73
2 20 63
2 28 66
5 25 37 39 48 92
4 5 16 27 62
0
3 1 35 56
1 72
4 9 57 65 82
5 4 8 32 40 53
6 9 30 42 47 83 90
2 1 9
3 40 74 91
3 33 59 68
3 3 62 78
5 6 43 55 60 83
4 5 7 13 63
6 19 25 46 47 57 93
3 29 39 40
3 18 41 66
4 2 11 50 71
3 5 70 71
2 79 89
3 7 38 52
4 23 38 79 95
5 2 17 33 75 88
1 14
2 15 19
3 9 52 75
2 53 79
6 9 18 21 33 46 63
4 48 56 59 91
5 10 19 46 67 70
9 4 10 20 29 30 37 45 61 77
3 1 67 75
3 39 87 92
3 10 24 70
3 59 61 91
5 8 12 16 26 41
6 2 9 12 56 66 77
1 34
4 4 54 60 82
4 43 79 89 95
5 2 17 38 51 63
3 26 33 35
7 2 21 27 30 35 40 52
4 6 14 27 34
6 9 23 58 63 75 77
4 7 10 30 62
4 28 37 41 60
2 45 91
4 17 23 32 83
1 88
2 2 41
4 20 25 61 68
4 6 25 76 89
3 18 55 84
4 17 54 57 93
5 1 27 47 73 87
8 5 14 19 33 37 53 56 64
2 66 90
5 15 27 51 76 95
2 51 52
3 3 6 76
4 17 25 45 50
5 8 13 14 80 88
3 8 84 87
5 25 28 29 41 48
4 7 15 22 46
2 46 52
2 41 90
2 9 51
6 11 23 71 72 75 81
5 5 31 44 79 81
3 68 69 85
5 23 24 44 45 60
4 3 29 82 84
5 11 62 63 67 74
6 4 23 30 42 59 84
6 17 31 43 72 74 80
6 9 10 18 59 71 79
4 5 15 40 86
4 33 50 67 74
4 36 40 63 76
1 57
1 93
17 1 32241
3 3 10 13
0
0
0
0
0
0
1 6
2 11 12
1 15
0
0
2 9 12
0
0
1 9
0
30 1 7443
0
1 17
0
2 7 12
1 19
2 10 15
1 23
2 12 26
1 16
3 11 28 30
0
0
3 8 26 28
1 18
2 11 23
1 9
2 3 14
1 27
1 21
2 6 11
2 14 27
0
2 18 27
4 3 5 11 30
1 9
1 17
1 19
3 12 16 25
1 17
2 5 27
28 28 24379
2 16 27
0
3 5 6 20
0
1 26
2 15 20
1 14
1 7
2 3 20
0
2 21 26
0
1 3
1 3
1 14
0
3 9 12 23
1 2
0
1 8
0
2 25 28
1 13
1 12
0
3 2 22 25
2 5 20
1 8
49 5 21938
3 3 6 7
2 3 43
1 16
1 41
1 30
0
3 4 25 37
0
1 42
3 7 17 42
2 25 32
0
5 1 6 21 34 38
0
1 17
2 2 5
1 28
0
1 33
2 28 32
2 25 49
0
1 46
2 8 46
3 5 23 29
2 21 44
2 38 39
1 10
0
0
0
4 12 14 21 37
2 11 44
3 4 41 46
0
5 2 19 25 37 42
2 35 38
2 28 49
2 40 47
1 36
1 35
1 5
0
2 27 42
3 21 27 30
1 23
1 15
2 39 47
3 8 26 36
29 12 24447
2 4 7
2 21 25
0
1 28
0
0
0
1 25
3 19 20 22
0
0
1 11
1 27
2 8 28
0
3 2 9 15
2 14 21
2 23 29
1 20
2 17 25
0
0
4 4 20 26 27
2 7 25
1 19
0
0
2 16 27
2 5 16
82 24 1862
4 6 9 37 74
3 20 23 61
0
3 27 28 52
1 9
3 12 75 80
1 73
3 21 26 61
2 52 82
2 15 19
2 30 58
6 5 28 42 44 56 73
6 30 32 34 60 67 77
2 6 59
3 5 44 80
1 23
2 38 65
6 12 48 52 65 67 79
2 8 17
2 12 36
4 31 51 55 72
3 4 37 79
4 14 26 54 64
2 23 80
4 10 39 47 52
4 11 19 47 54
1 7
6 12 17 46 50 66 81
3 13 27 42
2 35 53
8 2 19 26 30 38 39 57 75
2 57 75
3 18 28 65
1 48
3 13 30 74
4 24 49 60 67
2 52 57
4 30 44 51 72
6 37 44 48 54 61 82
2 11 28
3 15 26 70
0
1 80
3 33 57 65
5 20 62 72 79 81
1 77
4 1 16 53 76
1 24
2 12 70
4 23 41 64 72
2 20 76
2 17 73
2 79 82
3 17 19 23
2 8 65
4 43 53 65 73
1 80
4 15 33 39 62
4 11 42 50 68
6 26 35 52 54 58 63
5 6 7 9 15 29
0
3 7 37 51
4 19 39 60 70
4 19 21 40 49
3 7 10 13
2 18 55
3 15 18 30
3 6 9 19
3 45 64 75
1 20
4 17 24 26 82
5 40 55 64 70 81
5 17 22 29 44 61
3 53 62 74
2 49 73
3 4 14 68
3 20 62 72
2 14 34
3 15 49 70
4 19 23 26 80
5 8 16 43 47 54
35 6 23717
2 8 18
4 10 15 24 29
3 5 30 35
1 18
1 24
1 20
1 19
0
0
2 20 34
1 18
3 21 26 32
0
2 5 17
2 3 16
1 18
1 16
2 19 34
1 17
4 21 31 34 35
1 25
2 9 19
0
2 17 28
1 2
1 27
3 10 20 23
1 17
3 1 25 27
2 18 20
2 7 23
0
1 20
3 3 16 24
1 3
72 16 26871
1 40
6 7 27 38 50 53 57
3 11 15 21
3 63 71 72
0
4 33 35 47 71
5 2 17 22 38 47
4 46 53 68 72
3 3 66 71
3 30 46 71
4 19 34 53 70
4 31 37 54 70
2 19 27
2 16 30
5 34 50 52 56 58
7 5 15 17 27 42 51 70
2 16 43
4 16 42 60 72
1 35
2 37 41
4 1 22 32 59
6 20 30 38 42 48 49
2 4 53
1 67
2 2 35
1 4
3 13 22 70
1 54
2 22 49
3 29 32 51
3 20 44 56
0
3 19 22 59
2 6 38
3 9 38 50
1 24
3 21 24 31
1 65
3 5 56 71
1 47
3 11 59 69
2 44 67
4 22 30 60 67
2 24 38
3 4 5 70
4 1 32 38 64
4 12 13 33 69
4 3 16 56 64
2 32 61
3 2 42 54
3 7 42 57
3 12 25 62
3 12 20 22
3 12 17 62
2 11 22
3 22 57 71
2 25 53
2 61 72
2 14 16
1 20
4 26 28 42 53
2 35 49
1 10
3 9 10 25
5 27 34 56 58 69
1 36
6 16 28 32 46 48 53
1 11
3 21 26 27
3 12 24 58
4 14 17 42 69
2 46 67
59 7 18520
3 7 8 20
2 19 29
6 4 15 38 50 55 58
1 23
0
1 10
5 11 12 33 42 55
2 26 37
3 11 38 40
1 9
2 16 45
2 21 51
2 44 52
3 2 16 35
1 37
3 10 23 25
0
1 28
4 15 28 29 31
3 4 28 42
0
2 11 26
3 34 45 52
2 1 6
3 33 41 58
1 1
5 1 10 13 30 44
1 47
3 6 26 35
0
3 5 19 34
2 1 52
3 5 34 37
4 15 23 36 50
6 8 19 23 26 39 53
3 1 5 58
1 33
2 28 40
3 5 6 31
3 7 24 32
3 23 50 55
0
3 2 31 52
3 13 23 35
2 4 8
1 58
1 58
2 1 18
2 4 58
2 11 41
6 19 21 22 29 38 56
3 18 31 39
1 20
2 36 56
3 13 34 46
4 14 24 36 43
4 16 19 51 54
0
0
9 9 14533
0
0
0
1 5
0
0
0
1 7
0
34 21 27841
0
0
0
2 9 31
0
3 3 7 10
2 17 34
0
1 13
1 22
0
1 29
2 18 22
0
1 13
0
3 19 21 34
0
2 1 22
2 9 19
3 25 27 30
0
3 11 16 25
0
3 9 12 31
0
0
2 2 4
0
1 21
1 19
5 4 20 22 26 28
1 22
1 33
96 20 7839
9 11 28 29 46 52 57 63 72 89
4 5 36 45 89
1 92
5 3 12 41 74 92
5 33 51 55 56 84
3 8 27 61
2 46 65
6 20 24 26 63 65 68
3 28 62 76
5 26 27 59 64 66
2 17 91
8 20 22 31 64 67 74 82 87
8 11 14 15 41 42 56 89 95
5 9 36 83 84 90
8 1 30 36 43 57 78 81 96
0
6 20 32 66 75 91 93
4 15 51 60 82
2 3 56
3 29 60 88
3 32 80 87
5 28 41 62 68 89
7 1 39 41 64 77 87 95
4 41 49 55 62
2 8 76
2 13 85
6 3 5 9 21 57 91
3 24 27 93
2 11 28
2 16 71
4 1 36 45 78
4 29 43 59 65
2 9 81
1 71
1 17
5 49 68 84 90 91
5 2 19 29 30 94
2 27 50
2 9 54
3 22 70 75
5 11 20 39 72 85
2 7 74
4 8 12 28 44
4 18 66 84 87
7 4 30 36 48 59 61 93
6 16 51 53 57 71 93
6 2 11 33 36 43 73
3 17 38 59
3 10 27 66
5 18 35 64 72 88
3 39 48 92
5 31 42 54 60 74
4 13 17 28 55
6 11 12 13 35 60 85
2 19 51
4 33 39 63 79
7 39 44 46 52 55 76 82
3 38 53 71
4 34 61 65 90
4 34 40 63 91
5 11 43 71 77 94
3 64 72 85
2 16 85
4 11 16 19 68
6 22 42 43 58 71 86
4 11 17 71 73
2 22 46
4 16 17 64 83
1 53
3 33 49 92
3 20 31 34
3 34 62 81
8 2 8 17 24 29 44 52 71
5 5 20 29 54 63
3 4 28 74
4 24 34 86 88
3 40 62 95
6 2 27 46 47 74 84
2 34 50
3 4 61 87
1 61
2 5 16
4 29 32 59 65
0
3 47 84 94
4 38 72 79 95
4 10 46 55 71
3 6 21 55
1 66
6 24 36 45 50 81 93
5 24 40 42 62 77
3 25 37 75
4 12 21 71 83
3 69 78 88
3 19 25 80
6 1 24 52 65 75 83
48 37 29937
0
2 20 33
1 41
0
1 22
2 17 20
2 17 47
1 48
3 15 43 47
3 18 20 31
0
2 10 11
0
3 8 20 26
1 36
1 11
2 1 2
1 31
1 35
3 3 9 28
3 19 20 45
0
2 7 15
3 6 8 28
1 20
2 12 19
1 47
0
4 6 39 41 45
0
1 42
3 34 38 48
1 6
2 25 48
3 30 34 40
3 4 23 34
1 41
2 21 44
1 11
1 9
3 15 19 28
3 6 14 39
2 18 25
0
2 2 34
3 22 45 47
0
0
27 23 11731
2 11 20
2 7 24
2 6 25
2 12 16
0
1 25
0
0
0
0
2 1 9
0
0
1 2
2 5 19
2 6 23
0
0
4 8 14 20 24
0
2 2 18
0
1 25
1 11
1 22
1 12
0
28 15 5733
3 14 23 27
3 7 9 13
1 2
0
0
1 3
1 23
1 11
4 1 12 15 27
0
1 3
2 15 18
1 9
1 23
1 13
2 11 22
2 3 16
3 8 9 14
2 25 28
1 26
0
1 21
2 26 28
0
0
0
1 26
0
24 15 31411
0
1 13
0
0
1 22
1 12
0
2 22 23
2 7 12
1 13
2 8 19
1 8
1 21
0
0
1 3
1 19
0
2 2 18
0
4 3 4 8 13
3 6 9 20
1 19
4 1 2 3 13
84 64 11975
4 34 42 49 79
1 46
3 34 72 80
4 24 43 48 70
4 13 35 41 81
3 25 53 61
3 37 40 54
3 22 65 82
1 70
7 16 31 45 50 71 77 83
3 17 60 62
8 5 11 19 41 57 72 81 84
2 9 22
4 49 76 78 79
4 6 11 49 73
1 7
4 14 23 56 74
4 9 21 26 33
3 43 45 70
2 17 83
4 11 28 38 81
6 5 31 56 59 63 76
3 6 63 73
3 11 68 76
3 19 44 69
5 10 36 56 62 68
4 17 41 52 81
1 63
4 12 32 62 70
0
5 15 23 41 44 84
4 2 40 48 80
4 22 23 47 64
3 3 35 56
2 13 38
3 41 59 76
7 11 35 38 56 64 76 79
3 26 31 78
3 13 61 69
3 38 50 81
3 13 49 68
2 36 77
3 4 24 27
3 19 34 74
4 10 29 32 58
1 13
3 16 27 32
2 25 28
4 1 17 23 59
2 53 71
4 12 29 45 64
3 35 40 45
6 30 47 57 61 71 72
2 49 77
4 8 53 58 79
2 16 40
5 4 14 19 26 47
4 9 19 21 45
3 12 23 27
1 69
5 10 17 35 77 83
4 44 56 60 70
1 68
3 51 59 82
4 7 18 38 75
1 78
5 25 26 39 52 78
2 77 79
5 22 26 44 79 84
6 3 7 34 66 74 77
5 27 41 46 64 70
0
2 28 79
4 28 32 39 61
4 26 56 58 71
5 13 31 42 63 68
4 20 34 51 55
4 13 49 51 60
4 20 29 48 69
3 8 29 43
2 22 79
2 14 41
7 11 30 31 44 74 76 80
3 21 37 82
16 13 15668
1 2
1 10
0
1 15
1 8
2 10 14
2 3 16
1 13
1 16
1 7
0
0
1 6
2 6 10
0
0
82 34 2965
6 7 8 31 43 51 72
3 37 58 71
3 24 71 73
5 9 28 51 57 72
4 19 31 56 69
4 7 52 74 76
0
4 1 7 25 26
8 14 15 17 19 37 45 48 64
3 5 43 73
3 44 65 82
0
6 5 21 30 31 37 74
2 4 78
1 2
4 6 21 31 36
2 32 77
5 15 19 50 51 81
2 4 74
1 77
4 33 37 48 68
4 30 46 71 73
2 5 69
3 50 71 76
3 22 46 80
5 3 27 41 59 76
2 72 74
2 71 77
4 42 51 53 73
6 14 32 37 58 68 72
4 11 36 37 49
2 18 31
6 13 37 43 49 56 75
3 12 38 56
3 10 21 29
4 2 6 62 74
1 49
4 14 36 39 56
7 24 28 38 45 58 59 63
5 4 29 38 48 51
2 33 38
2 11 69
1 11
2 1 58
1 25
7 6 21 26 50 56 62 80
7 1 10 24 27 50 57 67
4 3 10 19 39
3 45 71 79
6 5 33 40 41 66 77
3 20 21 44
1 69
3 3 35 63
1 67
3 22 42 67
5 21 22 37 45 81
3 53 55 68
4 14 18 39 76
4 7 17 50 63
2 17 32
3 6 16 71
3 25 47 54
3 32 56 81
1 12
4 6 26 33 66
6 3 10 23 50 59 78
2 51 76
4 33 36 59 78
4 9 17 26 63
5 29 35 40 78 82
4 39 42 62 72
2 4 79
4 34 60 61 65
6 4 14 21 42 53 73
3 31 58 60
8 10 33 34 35 66 67 80 81
5 4 6 12 22 65
3 4 11 12
6 3 9 16 17 57 63
3 15 35 61
1 63
3 26 53 63
6 5 28423
1 3
0
0
0
0
0
43 40 9269
2 21 26
3 7 8 27
1 15
2 2 38
2 15 17
2 18 24
3 17 26 27
1 21
2 28 40
2 39 42
1 16
0
0
2 7 34
0
2 35 42
2 3 20
1 16
2 10 12
1 25
2 27 32
2 12 31
1 22
2 16 38
4 9 14 31 32
1 43
1 35
3 9 26 35
2 25 37
0
1 12
1 25
2 9 13
1 37
1 6
2 4 26
1 17
1 22
5 1 5 11 22 41
1 37
1 30
3 8 17 43
5 8 9 11 13 20
91 36 26611
5 7 34 38 67 87
0
2 6 82
4 27 69 70 78
3 42 69 82
3 62 80 89
3 25 61 77
12 7 39 41 53 63 64 66 79 83 84 86 89
3 23 38 62
4 9 22 34 87
2 10 13
2 54 90
1 28
1 50
1 89
6 27 47 52 62 77 81
1 8
5 15 30 61 62 79
5 41 49 57 61 62
8 5 22 34 38 57 63 64 68
1 89
3 3 34 90
1 2
1 70
1 65
3 7 19 32
7 15 26 29 39 41 76 83
3 11 50 84
2 9 69
4 3 4 31 70
2 4 58
2 20 78
4 15 20 50 56
0
5 36 40 43 70 80
3 33 49 60
2 2 71
2 30 56
2 41 88
4 6 13 15 91
8 15 25 26 30 44 73 78 82
3 28 54 83
3 5 35 89
4 26 28 46 58
2 15 56
0
3 3 7 69
4 33 63 74 75
6 1 8 38 39 64 83
3 17 24 37
4 30 48 58 63
2 61 84
5 14 31 45 69 78
2 11 84
5 6 24 30 31 64
1 58
0
0
3 32 69 74
4 5 35 85 87
0
3 83 84 90
2 24 37
3 6 51 86
3 10 49 58
2 16 75
6 25 40 47 72 73 85
4 19 24 57 82
6 26 27 43 55 61 65
5 6 10 23 55 75
4 4 43 60 90
5 7 8 53 81 87
3 34 51 62
4 6 22 30 51
2 48 62
5 16 18 20 56 86
1 20
4 2 54 69 74
5 29 33 53 60 73
5 3 9 14 74 91
8 3 14 41 42 43 59 62 64
4 26 27 31 89
2 20 71
7 2 7 22 24 49 59 71
3 1 72 79
3 55 59 83
5 41 48 59 70 73
4 10 24 58 69
1 77
4 64 66 76 82
6 39 41 73 74 81 85
4 4 21365
0
0
0
1 3
51 29 13301
1 7
1 4
0
0
4 6 14 16 46
1 47
1 3
2 12 16
3 1 3 22
2 40 50
1 49
2 14 38
4 7 27 31 35
7 12 18 21 38 39 42 45
1 11
2 17 35
5 13 16 19 24 38
1 5
2 6 25
1 40
0
2 21 48
2 28 40
2 30 42
3 17 23 46
4 6 22 39 50
1 2
5 2 23 42 47 51
4 1 24 31 50
1 40
3 23 24 37
2 29 33
5 2 4 9 27 30
1 47
4 4 23 24 50
3 2 41 49
0
1 22
0
4 16 28 30 34
0
4 1 21 23 48
2 23 25
5 4 10 23 45 48
2 26 48
2 27 39
2 14 20
2 1 3
2 19 50
4 15 19 23 27
2 5 12
58 51 27280
1 52
1 35
4 10 22 25 49
2 36 41
1 21
2 35 45
1 20
2 7 32
2 21 22
4 18 43 45 51
5 1 6 29 52 57
0
2 19 47
3 39 41 46
2 16 54
0
2 26 46
2 9 24
5 13 35 41 42 43
3 8 55 58
2 18 40
1 4
2 10 43
2 33 49
1 16
3 5 32 58
4 12 21 33 42
3 16 34 54
5 6 19 25 45 54
1 24
2 2 43
5 5 24 31 38 57
0
3 26 44 50
4 1 4 6 43
3 3 20 34
1 38
5 26 28 33 48 50
0
1 3
3 11 18 33
0
0
2 17 48
5 3 15 30 36 46
4 10 22 25 47
4 7 16 40 56
0
3 20 31 44
2 9 35
5 1 12 30 33 48
1 4
0
1 23
2 5 18
2 21 27
4 15 16 26 29
3 27 46 47
52 34 30664
1 16
1 48
1 51
2 15 42
0
2 7 35
3 11 26 30
2 33 45
3 40 44 51
1 7
1 19
3 3 15 43
1 41
1 32
2 34 51
1 26
4 3 13 21 41
2 13 28
2 23 38
1 15
2 22 25
5 7 9 20 50 51
4 7 39 48 51
3 35 37 43
2 36 50
2 7 43
2 3 24
4 17 21 36 41
1 26
0
0
1 40
2 8 32
2 21 44
3 19 46 51
2 5 15
2 3 20
2 21 26
3 12 29 45
3 32 47 50
1 32
4 26 33 38 50
4 7 13 14 49
4 8 15 20 33
0
2 21 25
3 3 19 26
2 7 10
5 6 19 29 38 44
3 6 8 12
4 7 19 41 50
1 15
91 12 22472
1 28
3 4 28 37
1 78
2 28 66
4 36 62 81 83
5 48 57 58 78 89
5 9 15 23 73 86
3 46 72 82
1 82
6 22 47 53 54 57 70
3 24 47 50
1 53
2 5 88
6 12 13 18 29 59 79
4 9 16 40 44
2 26 65
6 5 19 39 43 65 84
5 15 16 23 35 46
4 22 38 45 59
2 11 65
4 35 65 67 88
6 19 40 49 64 71 78
6 8 24 26 42 86 89
3 29 40 64
4 34 59 79 88
4 1 3 12 82
2 54 67
8 12 25 37 40 50 53 70 89
5 2 3 25 32 37
4 5 11 41 89
3 22 47 75
2 39 67
5 9 12 14 59 83
5 26 29 30 33 42
4 27 45 64 82
2 18 22
0
4 8 39 44 56
5 34 57 62 65 85
3 13 19 83
4 9 29 69 76
4 39 64 65 82
9 25 27 55 58 60 68 78 87 88
4 14 68 73 89
0
3 7 19 90
3 19 43 68
4 8 14 81 90
4 69 71 78 83
2 10 70
4 12 30 46 77
2 27 76
1 11
2 15 33
5 22 32 36 43 44
1 22
0
4 12 15 20 37
3 11 26 53
3 19 31 56
6 5 30 40 46 65 69
3 1 14 54
7 4 25 35 53 66 78 80
3 15 80 87
3 54 64 90
6 24 42 78 79 83 88
3 12 40 87
5 55 57 75 81 85
2 31 59
5 9 19 30 56 80
3 3 30 68
2 36 70
8 12 18 22 23 25 38 49 91
7 17 27 40 48 50 59 78
2 27 78
4 42 47 59 77
5 21 24 41 78 85
0
7 5 14 31 53 62 71 76
5 17 19 49 63 73
3 37 58 83
9 4 12 21 25 42 49 62 80 89
1 32
2 12 47
7 15 23 25 26 36 54 72
1 9
11 10 13 21 23 30 40 45 54 57 66 76
2 37 71
7 27 30 32 43 44 54 64
2 8 66
3 18 19 44
64 16 4224
3 14 43 55
2 37 59
0
1 6
6 1 9 11 33 41 48
4 15 23 33 63
0
3 3 14 29
2 15 17
3 1 3 24
3 5 13 63
4 2 26 29 45
4 26 27 39 63
2 30 62
3 31 36 57
6 24 38 41 45 51 58
3 10 34 56
3 26 40 62
1 49
4 23 36 46 47
1 25
2 23 60
2 34 44
3 6 14 44
2 9 36
2 32 38
4 12 24 37 60
3 15 54 62
2 44 50
3 32 40 50
2 18 62
6 2 10 11 37 42 64
2 17 61
2 3 59
5 2 14 50 57 59
5 22 23 32 39 62
7 5 9 19 23 29 40 42
4 9 26 55 62
2 14 19
1 42
2 1 30
2 18 62
4 17 32 49 57
2 3 45
0
4 26 28 31 33
3 13 53 61
2 24 54
3 8 11 63
1 31
3 13 29 34
2 3 18
3 6 38 55
2 15 22
1 11
4 3 17 45 57
4 27 33 51 58
2 1 39
2 17 39
2 31 41
2 10 44
4 27 42 48 55
3 7 13 52
4 22 34 40 42
78 32 3908
1 24
7 15 21 35 59 74 77 78
0
4 28 47 54 61
3 61 62 63
1 60
5 10 16 32 42 49
1 52
4 23 27 29 53
4 54 55 61 64
3 5 44 48
4 6 14 16 65
4 15 27 31 66
6 11 29 33 35 62 64
3 33 44 51
1 71
4 39 41 60 63
4 5 8 16 65
8 16 24 29 50 55 59 62 75
2 29 77
5 11 24 53 60 72
2 3 59
3 30 66 70
3 18 64 73
3 52 63 65
5 1 19 29 36 49
6 7 8 22 24 51 72
5 10 13 18 56 75
1 65
5 18 23 28 39 47
5 9 20 23 34 61
3 44 58 73
6 22 25 38 52 55 64
1 1
7 10 13 14 25 34 40 55
3 2 20 39
5 19 42 57 59 63
4 39 44 62 77
1 24
3 2 11 61
5 22 26 39 58 63
4 26 32 49 74
3 44 50 53
2 20 43
2 1 58
1 4
6 2 3 18 19 30 78
1 62
4 37 46 54 65
4 2 30 33 35
3 9 58 61
4 3 50 58 59
5 3 17 72 74 75
4 1 52 57 60
2 8 73
0
1 11
0
3 31 68 72
5 5 16 36 39 52
0
4 9 31 51 63
3 52 56 64
3 3 7 73
4 27 40 45 63
1 27
6 8 19 28 32 44 69
1 19
4 29 40 66 67
2 40 54
3 48 55 63
1 35
5 4 16 23 66 77
1 58
4 41 46 50 63
5 6 17 23 45 77
4 20 27 60 66
2 38 61
48 6 20148
3 24 26 34
2 4 36
2 36 48
1 3
2 16 35
4 1 2 10 39
1 19
1 22
3 24 30 32
1 38
2 1 23
3 20 22 27
2 2 41
2 13 37
1 25
3 39 45 47
2 4 44
2 2 15
2 24 39
0
3 6 22 39
4 2 39 41 47
4 1 11 33 41
3 7 22 48
2 3 22
1 43
3 4 23 42
1 2
2 25 41
3 29 36 47
2 10 40
2 20 38
1 26
4 12 23 30 41
2 15 20
1 15
1 41
0
3 3 4 6
1 44
2 7 13
1 39
1 27
2 3 32
0
2 6 16
2 31 38
0
16 7 26973
0
0
0
0
1 4
0
0
1 16
2 13 15
0
1 9
1 3
0
0
1 4
0
60 23 6657
4 8 9 15 39
1 5
4 32 33 34 54
3 18 49 53
3 26 30 35
3 25 26 27
2 3 32
4 18 38 57 59
3 39 46 59
4 20 28 52 56
2 23 31
3 6 35 60
1 32
4 9 38 41 59
2 42 44
2 15 51
4 5 24 30 47
2 3 47
2 29 30
4 1 25 26 29
2 55 60
3 8 33 55
4 19 36 44 57
4 3 44 49 53
3 20 31 39
5 21 28 36 40 44
3 11 25 33
0
3 16 35 37
3 27 39 58
2 45 49
1 27
1 3
5 21 28 49 52 53
1 57
2 23 55
3 25 43 49
2 21 46
2 11 44
2 21 57
2 30 60
1 33
0
1 58
1 34
3 18 40 41
3 7 15 32
4 45 50 58 60
3 39 46 51
4 2 12 20 42
3 14 28 36
3 25 36 41
4 34 46 51 56
2 1 50
4 35 40 48 54
5 6 7 12 22 40
5 8 12 31 32 52
3 4 30 55
4 30 34 50 60
2 1 26
4 3 10516
0
0
0
0
22 5 23141
3 4 8 12
0
1 19
1 2
1 10
1 22
1 12
1 6
2 2 8
1 21
0
1 4
1 3
1 13
0
4 7 9 18 22
0
0
2 9 11
2 3 4
2 5 14
1 8
3 2 10738
0
0
0
94 53 22910
2 49 86
0
3 26 39 45
4 15 62 68 79
5 2 27 35 52 94
1 85
5 3 56 71 74 94
7 18 34 45 47 55 59 61
5 32 54 60 71 92
6 36 45 56 70 78 81
4 9 52 64 94
7 11 24 43 44 68 81 88
4 19 43 50 53
3 3 4 64
4 31 42 46 60
2 2 86
7 9 12 13 24 72 81 89
4 9 24 44 85
2 57 67
2 56 61
6 16 22 24 27 31 37
5 12 40 72 80 91
2 37 65
3 44 76 79
5 62 74 80 82 93
2 65 86
2 66 83
5 1 12 29 43 81
3 3 34 35
5 1 21 22 53 87
3 34 41 88
0
6 3 9 34 45 51 88
2 40 74
9 8 16 22 33 51 59 61 72 84
1 50
4 13 35 64 90
3 32 43 86
3 4 20 93
3 27 50 90
6 25 37 48 67 82 92
3 13 30 40
4 15 22 52 70
4 13 43 47 66
2 38 91
7 6 9 47 55 66 79 94
3 41 48 83
3 53 66 91
6 7 23 47 55 57 84
4 21 27 43 93
1 10
2 42 89
1 52
3 31 50 73
7 12 33 47 48 54 69 89
3 71 74 76
3 1 87 90
5 48 49 52 69 93
6 5 7 16 19 35 58
5 26 35 78 88 90
3 39 43 71
4 31 33 51 61
3 3 18 23
5 16 30 45 73 83
1 6
7 28 44 46 62 75 80 93
3 10 64 71
2 2 25
1 15
3 7 41 92
1 24
4 15 16 80 94
5 18 19 47 75 86
2 22 68
2 3 55
1 36
3 6 16 49
5 8 18 55 59 74
2 14 92
5 5 10 13 45 48
5 18 21 56 80 82
5 5 11 24 40 92
2 54 70
3 16 30 87
3 40 79 87
5 26 29 53 89 93
3 44 70 86
4 21 46 58 77
1 34
2 39 71
1 7
3 12 14 74
5 25 38 57 90 92
3 15 17 18
34 5 32215
2 22 31
1 7
0
1 31
0
0
1 19
1 28
0
1 28
2 8 34
2 16 33
1 17
1 3
1 19
2 8 28
1 29
1 3
2 3 10
0
1 18
1 8
2 7 18
2 9 19
0
1 27
1 34
0
0
1 16
0
1 13
1 26
3 2 8 21
99 44 28780
3 14 28 72
6 15 17 25 61 66 83
6 11 26 38 43 46 98
6 20 22 24 25 72 92
3 31 97 99
8 4 11 37 70 76 83 87 90
4 12 21 26 46
3 24 70 76
2 14 76
4 32 33 42 87
2 29 97
3 58 83 94
6 2 18 23 46 75 83
3 34 47 54
4 61 64 79 98
4 3 44 58 88
2 19 63
9 40 42 58 62 66 70 74 83 85
8 10 11 40 65 79 83 91 99
4 62 75 89 97
1 57
1 87
2 11 22
3 5 80 87
5 23 28 34 39 91
4 19 43 63 66
7 14 32 45 57 58 81 97
2 29 36
3 19 24 67
2 9 76
1 10
6 37 41 43 60 68 85
3 15 42 68
2 50 74
4 19 29 81 89
5 9 17 37 65 98
6 17 31 48 66 83 98
5 26 41 62 77 80
2 72 97
3 69 82 83
6 24 38 45 59 80 95
1 20
5 6 10 18 40 70
2 40 48
3 15 78 85
1 31
3 21 30 89
4 25 38 62 84
4 8 41 53 71
4 28 41 63 80
4 24 27 79 87
5 3 19 29 54 63
1 37
3 3 56 63
3 1 6 62
3 7 27 64
5 4 10 28 81 99
7 2 13 23 71 74 86 88
5 10 12 15 23 90
3 52 61 62
3 39 69 82
6 20 75 80 89 93 97
3 1 2 92
3 38 44 48
1 72
3 72 73 92
5 30 45 46 59 96
2 36 83
1 49
5 1 2 30 31 58
2 60 69
2 76 89
5 18 38 40 94 99
2 3 50
3 20 35 40
11 13 14 22 28 30 41 44 47 60 66 70
7 24 28 53 82 83 89 97
4 17 25 37 54
6 3 23 38 70 78 84
5 1 61 70 79 99
4 26 32 35 69
5 9 32 72 73 87
3 17 55 84
2 29 93
1 75
3 30 38 72
5 35 70 85 90 97
3 7 36 87
4 9 10 14 92
2 49 80
6 3 29 44 78 86 88
3 8 31 50
5 34 40 56 70 87
5 4 25 30 41 95
4 55 57 94 97
2 24 88
6 2 9 18 29 32 58
1 27
5 24 67 68 83 84
10 5 6326
0
1 6
0
2 2 10
1 7
0
0
0
1 2
0
12 10 29177
0
0
0
0
0
1 3
0
0
0
0
0
2 2 8
99 70 31403
3 4 31 84
5 21 43 52 65 83
2 49 70
3 19 38 68
7 10 17 23 27 49 68 76
6 24 37 38 69 86 93
7 21 26 33 44 55 81 93
3 38 64 66
3 14 23 63
7 41 45 47 55 61 64 88
5 69 77 82 85 88
7 7 23 49 53 61 90 96
4 6 9 38 50
3 9 18 37
6 18 22 34 37 84 90
5 15 31 53 96 97
3 19 75 98
4 2 22 37 48
5 6 10 35 96 97
3 21 66 80
5 6 7 65 72 76
1 2
4 27 28 53 90
3 68 79 88
1 4
4 7 16 23 78
1 48
3 4 14 22
2 23 56
5 40 47 56 78 81
3 34 44 60
5 5 8 52 66 77
2 36 73
3 55 70 92
3 3 80 86
6 3 54 65 69 84 92
3 12 48 87
8 5 8 13 19 24 30 59 70
3 7 31 63
3 31 42 78
2 54 78
3 2 34 87
2 8 84
8 17 23 25 31 52 55 63 74
7 1 10 15 39 63 78 83
3 30 68 91
7 4 20 35 50 66 85 99
3 25 80 98
3 21 68 95
3 5 12 92
4 8 15 90 91
5 3 21 49 51 89
3 44 67 97
6 39 41 66 68 87 99
2 69 71
2 54 72
0
5 16 20 45 72 98
2 41 55
8 20 23 45 47 50 62 63 71
6 14 20 23 43 75 84
5 3 16 20 24 38
2 20 35
5 1 28 49 63 97
4 52 70 75 96
4 33 41 69 88
5 13 16 20 68 78
3 23 93 99
7 32 34 71 74 79 85 87
3 41 47 66
2 60 67
5 17 28 33 44 67
1 87
3 34 73 92
3 30 62 89
3 29 70 73
5 29 46 56 67 89
2 41 58
7 11 13 20 43 61 70 98
7 1 9 10 18 77 90 98
2 9 63
5 51 58 68 76 98
3 10 26 35
4 4 7 28 65
2 32 95
2 60 92
6 11 12 18 69 71 75
3 17 56 91
3 66 68 73
4 22 59 63 97
5 60 63 66 92 99
2 1 86
3 22 34 54
5 20 32 36 65 80
2 74 92
3 24 50 94
3 12 79 92
3 61 78 87
5 14 23 81 83 87
80 2 22326
4 39 47 62 76
3 43 77 79
1 52
2 24 46
5 15 44 54 74 78
7 20 21 38 43 48 61 78
1 54
4 7 40 54 62
2 10 66
2 70 79
2 4 61
3 7 49 63
4 4 19 67 78
2 20 72
3 9 38 44
1 30
2 45 48
1 40
4 39 47 49 73
0
0
3 3 12 21
5 28 31 50 70 77
2 3 46
6 14 26 41 44 76 78
6 4 5 14 53 73 79
3 8 14 48
4 14 61 66 76
5 9 14 37 54 71
3 31 35 62
1 58
2 44 57
5 9 12 14 25 52
4 11 32 52 73
2 23 30
2 9 28
1 40
4 4 5 59 77
3 7 10 37
2 60 73
5 5 17 20 22 39
6 32 38 47 49 53 61
2 7 65
3 38 67 78
5 1 49 58 69 71
2 63 79
4 18 24 59 65
5 3 27 38 47 54
7 14 44 51 57 60 68 72
5 4 5 25 30 68
5 2 54 68 71 77
2 20 72
6 3 29 41 65 72 76
2 20 28
2 30 68
5 6 13 23 50 77
0
5 3 19 25 44 63
4 14 34 37 45
3 37 48 69
3 33 41 47
3 16 49 58
3 14 24 67
5 7 45 55 56 70
2 63 70
5 39 60 62 65 68
2 2 45
2 22 80
2 37 78
3 19 44 67
3 29 51 56
2 4 80
3 13 43 63
1 15
3 54 62 80
5 7 38 45 52 61
2 33 46
1 63
5 17 25 31 74 75
2 12 34
55 36 22835
1 8
4 16 22 30 54
1 35
4 12 35 48 53
1 29
2 10 17
2 13 39
5 1 2 3 21 34
2 24 28
2 41 51
2 47 50
1 9
2 16 35
1 55
1 51
2 20 55
1 22
3 32 39 40
3 2 12 40
3 2 14 38
2 23 51
2 5 53
3 4 49 52
1 23
2 23 46
3 6 19 52
1 11
2 20 44
3 3 15 32
4 4 9 12 48
4 20 22 28 36
3 6 28 52
3 18 35 42
0
3 5 18 28
2 20 35
1 41
2 33 49
0
2 14 43
5 3 16 17 46 47
4 11 14 28 36
3 15 24 50
4 15 27 38 46
1 31
1 10
1 23
2 21 35
2 3 35
2 8 27
3 26 35 38
2 13 40
3 4 19 23
1 24
1 21
36 12 13290
2 10 14
0
2 6 36
2 9 17
1 13
0
0
2 29 30
2 24 36
0
1 21
0
0
1 21
2 24 25
0
3 3 16 19
1 20
1 11
1 34
0
0
0
0
1 31
0
1 21
1 21
5 7 9 21 34 36
1 33
1 36
2 11 19
1 20
2 5 20
0
3 8 22 33
55 21 3569
1 10
0
3 21 25 43
3 47 49 50
3 1 19 23
2 35 48
2 26 32
4 28 44 45 47
3 1 19 31
2 2 33
2 10 25
2 9 10
2 45 54
2 11 41
2 4 54
0
4 11 40 42 54
5 14 19 31 38 46
4 21 50 52 53
4 1 37 43 49
3 11 41 45
2 48 50
0
5 3 16 38 39 51
2 21 42
0
1 7
2 41 51
6 6 21 36 41 52 54
4 19 34 53 55
3 15 37 46
2 31 39
0
2 40 52
2 36 40
1 35
2 39 45
2 11 15
1 42
3 5 10 28
0
3 7 11 46
1 23
3 17 24 37
1 51
1 6
3 25 36 49
2 2 3
2 24 33
5 5 6 19 34 39
3 9 23 45
2 50 55
1 46
4 2 17 29 37
0
32 22 8651
2 12 28
2 3 20
2 9 25
0
1 28
0
0
1 29
2 2 16
1 13
4 6 9 24 28
3 17 26 29
0
2 1 22
0
1 12
0
3 3 11 26
0
2 1 30
0
0
2 3 8
3 11 14 15
1 29
3 4 6 18
1 28
0
1 27
2 16 23
2 26 32
0
82 72 20568
2 2 72
3 31 48 56
4 27 48 57 77
2 20 79
3 53 73 78
3 20 34 64
4 1 4 5 78
3 31 32 45
3 1 36 76
2 34 63
2 63 66
2 7 75
6 10 16 18 40 61 66
4 15 19 56 82
4 16 43 60 68
0
4 10 48 52 64
5 7 10 25 47 76
3 21 24 55
2 40 73
5 9 49 53 59 69
8 1 26 30 32 42 46 57 63
6 22 33 35 52 58 71
6 19 20 26 35 39 64
3 50 58 82
1 14
4 5 34 37 47
2 52 75
1 58
4 4 17 47 77
2 43 51
3 63 66 77
6 48 51 56 67 68 81
0
6 3 18 22 53 60 78
3 18 31 71
5 9 33 44 46 72
4 7 45 48 74
4 8 15 17 77
4 26 33 42 53
1 48
8 5 51 54 56 61 71 73 81
2 50 55
3 19 63 77
4 11 12 46 78
2 47 67
5 8 10 19 54 70
2 23 73
3 1 56 79
2 35 71
4 20 37 56 61
2 13 48
9 11 17 29 32 49 59 63 66 73
2 2 12
2 49 58
4 6 9 80 82
1 11
3 4 8 64
0
4 10 11 26 46
3 4 5 64
1 5
4 40 64 69 78
3 14 69 74
0
2 22 52
5 2 25 27 41 54
2 5 27
2 42 48
2 9 14
7 4 26 39 50 55 64 69
5 8 11 35 45 57
4 10 24 28 39
0
3 46 59 67
2 27 35
4 10 47 60 65
4 35 39 41 55
2 17 25
2 14 50
5 31 35 38 53 69
1 5
7 2 22600
0
0
0
0
0
0
0
12 8 31827
0
0
0
0
1 8
0
0
0
0
1 9
0
0
37 33 10412
1 34
0
1 23
1 26
2 14 37
2 3 16
0
3 3 6 20
1 18
0
1 8
1 23
2 5 6
1 31
1 11
3 9 10 35
1 24
1 23
0
4 2 3 13 37
2 22 34
1 19
0
0
1 14
0
5 13 14 21 32 34
1 14
2 20 31
1 9
0
0
1 11
2 31 32
1 4
1 7
0
46 12 20142
3 12 17 43
1 43
1 17
1 20
1 10
1 14
4 20 28 35 46
1 42
1 23
2 9 18
2 38 44
3 2 4 11
2 3 45
1 20
0
3 25 36 41
0
5 2 29 32 40 41
1 40
2 6 46
2 7 46
4 1 9 15 28
1 44
1 5
5 2 13 24 36 40
1 16
1 14
2 19 26
2 35 38
1 19
1 13
2 25 46
3 3 18 30
0
6 10 12 16 19 29 30
0
2 24 30
1 40
1 24
1 30
0
5 1 23 24 35 45
1 40
0
2 24 42
2 20 42
20 7 16773
1 14
1 12
0
1 7
1 12
0
2 11 15
0
0
2 2 7
3 5 10 13
0
2 7 11
0
0
0
0
0
0
0
28 23 27400
2 10 12
2 10 27
1 19
0
2 17 23
2 9 16
0
0
1 6
1 24
2 2 9
1 7
0
1 11
2 5 9
2 18 26
2 8 13
0
2 9 23
1 14
0
0
0
0
1 13
2 4 20
1 3
3 4 16 24
86 78 21139
6 7 23 25 44 69 78
2 46 56
2 30 66
2 3 60
4 22 26 70 73
4 21 22 44 70
2 71 81
5 11 48 53 68 84
4 24 37 58 62
3 19 35 41
4 17 71 82 83
6 19 23 52 63 73 81
2 22 84
4 18 43 58 75
3 45 62 77
3 26 32 33
0
7 7 24 32 38 42 58 63
2 11 15
1 79
5 2 12 15 76 84
2 32 65
5 5 26 46 53 72
4 39 49 59 84
3 66 83 85
4 25 46 73 79
2 29 74
1 54
3 14 33 62
2 6 40
9 2 4 6 26 43 44 45 78 82
6 8 11 15 21 68 84
6 18 21 22 34 63 70
2 12 73
2 57 65
5 6 17 24 37 77
4 8 31 71 82
3 32 57 68
3 10 17 85
5 5 17 22 50 81
2 26 71
4 1 4 60 78
7 11 25 33 47 67 72 77
4 25 43 57 85
3 15 21 60
2 16 58
3 39 41 72
3 26 55 66
3 1 33 68
4 3 51 72 75
2 34 71
3 12 50 64
3 2 25 61
5 7 20 27 40 77
6 12 29 33 59 74 81
2 51 73
4 14 17 73 79
3 7 9 60
4 45 46 70 75
4 6 12 27 39
3 28 33 51
0
2 5 8
5 7 30 32 48 52
4 23 36 63 64
6 16 35 37 46 47 72
3 9 10 18
4 1 36 53 54
6 30 49 50 51 62 84
3 2 33 85
4 7 11 32 37
3 39 75 76
5 12 14 23 50 84
4 1 13 14 37
1 15
5 20 54 60 61 75
2 2 54
5 12 19 26 46 74
2 61 72
6 2 20 22 30 54 82
7 9 11 13 51 71 79 82
3 11 37 65
3 8 63 74
3 50 53 65
2 4 47
2 41 42
46 9 9584
3 3 31 34
1 46
1 41
3 9 21 33
0
3 11 23 35
1 46
3 21 24 44
4 13 21 27 29
2 6 11
2 22 30
3 2 9 35
1 33
2 18 43
2 5 34
3 33 36 44
2 32 41
1 1
3 6 40 41
2 28 30
2 3 28
4 11 15 27 33
2 2 12
2 1 4
2 3 13
3 29 35 37
1 39
2 20 41
2 22 44
2 10 19
3 5 16 43
2 42 45
2 4 15
0
0
3 7 9 42
1 9
0
0
1 36
5 6 10 12 24 36
2 8 46
1 36
0
0
1 38
32 7 13524
1 7
1 29
2 5 16
0
3 2 17 31
0
2 9 29
1 29
0
1 29
1 14
1 20
2 5 16
0
0
1 25
1 2
1 16
1 12
1 11
1 32
1 19
0
1 5
1 28
1 22
2 12 15
0
1 30
1 13
1 17
2 12 23
60 6 21712
1 38
1 47
4 29 39 40 42
3 12 39 48
3 22 56 57
4 19 28 43 45
1 28
4 3 16 35 39
2 4 42
3 22 28 49
3 3 16 18
2 6 28
2 38 44
0
4 22 36 40 47
3 33 47 52
4 25 37 38 49
2 3 19
2 7 33
2 48 52
4 3 31 53 59
1 32
3 29 59 60
2 21 33
3 21 31 35
5 25 30 43 44 56
1 16
3 2 31 48
5 3 21 28 45 52
1 36
1 15
4 3 6 36 43
7 12 22 27 35 37 39 49
1 14
2 2 58
2 17 58
5 20 22 23 28 47
0
3 2 13 54
0
3 3 31 56
2 5 17
3 1 20 59
4 10 17 23 27
2 10 14
2 18 24
1 13
3 5 43 56
1 28
0
2 37 52
0
1 56
0
3 1 12 50
5 8 26 45 51 60
4 1 45 47 58
3 4 22 48
0
6 5 9 35 37 40 45
30 6 18968
1 10
1 25
3 1 18 29
1 13
1 26
1 24
3 2 17 27
2 12 29
0
2 9 16
1 27
1 2
1 8
1 6
2 2 27
0
1 7
1 27
0
2 4 13
2 12 26
1 8
0
0
1 3
0
1 18
2 9 12
0
0
7 6 12039
0
0
0
0
0
1 5
0
49 27 8192
2 21 32
1 39
4 5 11 31 39
0
0
1 48
1 35
1 49
1 43
1 33
3 26 40 44
3 15 39 42
0
2 36 48
2 43 47
3 15 22 25
4 29 33 37 43
2 10 20
3 5 23 39
1 41
2 34 47
1 31
4 17 26 40 48
2 35 43
3 7 11 23
0
3 1 12 41
1 18
1 5
2 38 48
3 16 28 38
1 47
2 30 35
1 38
2 2 30
2 9 10
0
3 27 34 37
3 25 29 42
2 5 7
1 42
2 25 32
1 2
1 6
1 20
2 37 48
2 28 48
0
4 12 18 19 30
66 14 2475
6 7 28 43 45 49 59
2 19 56
7 1 8 18 20 26 46 60
2 6 36
2 21 66
4 8 11 45 46
1 25
3 27 31 46
1 57
0
1 29
2 17 51
2 48 60
3 26 42 46
1 39
3 24 41 65
1 29
0
4 17 31 44 59
4 4 7 14 24
3 7 10 23
5 12 14 21 44 65
5 16 19 49 57 64
2 11 51
3 10 24 38
2 56 66
3 15 24 26
1 48
3 1 17 56
2 59 61
2 16 21
1 9
1 48
1 42
0
3 16 58 60
2 8 32
3 12 13 51
3 7 12 38
3 28 52 65
1 47
3 17 22 66
4 14 46 47 48
3 8 27 37
6 6 7 18 34 41 46
0
3 9 31 63
5 28 35 37 46 47
3 15 19 47
2 30 65
3 3 40 56
5 25 29 31 40 41
6 13 22 29 42 51 56
5 11 24 27 57 61
3 19 34 48
0
1 29
3 3 34 37
2 25 44
3 33 40 56
3 38 47 49
2 38 42
3 25 42 54
3 6 9 63
3 10 41 45
5 11 35 53 58 62
80 41 9991
5 6 7 8 54 57
2 26 72
2 45 73
4 11 54 62 63
3 19 31 56
2 14 47
6 11 45 48 53 57 75
4 29 41 59 65
2 21 71
3 6 13 23
5 9 10 19 26 61
3 24 31 38
1 8
3 1 5 57
4 1 35 36 73
4 19 38 41 72
3 23 52 68
6 14 24 37 50 62 66
7 10 12 24 39 66 68 75
4 17 27 60 68
3 1 29 72
2 5 34
6 3 27 30 35 42 75
1 47
1 52
2 7 47
4 7 32 65 66
2 23 30
5 25 26 44 61 68
3 29 47 66
1 3
3 18 41 56
2 38 79
6 10 21 24 45 61 70
1 8
1 56
2 62 67
0
2 4 71
0
4 6 18 44 65
1 18
2 38 52
4 17 28 50 57
2 32 66
5 7 12 16 25 31
2 40 72
3 8 15 61
5 8 14 21 43 72
1 75
2 9 46
4 26 41 74 75
5 12 31 50 67 68
4 38 45 61 62
2 2 5
1 71
2 3 52
4 2 33 63 76
3 1 28 63
2 8 68
4 14 33 38 78
1 77
2 50 59
3 67 69 77
4 46 55 58 63
1 13
0
3 19 29 36
2 38 45
2 35 41
2 2 25
3 8 21 79
1 54
4 9 19 29 33
6 11 27 38 47 59 60
6 7 10 13 21 30 31
2 65 74
6 22 23 35 42 66 74
3 47 53 77
2 47 71
15 14 26519
0
1 13
1 10
0
1 14
1 13
0
1 4
0
0
1 1
2 7 14
0
2 4 15
0
10 7 17263
0
0
0
0
0
0
0
1 2
0
0
86 18 1275
2 20 66
5 12 41 72 73 84
2 27 76
5 29 33 34 55 75
3 26 27 48
4 38 39 43 53
3 10 62 67
4 35 40 51 59
5 21 22 31 55 63
7 18 35 49 53 64 75 79
2 21 40
7 15 33 45 48 51 60 68
7 1 28 62 65 69 71 77
1 62
5 16 27 41 69 74
4 12 79 83 86
3 37 59 86
2 25 44
6 15 47 50 51 64 82
2 38 74
5 7 10 47 52 74
3 23 26 73
6 7 12 46 54 57 68
3 4 19 39
3 15 74 81
7 13 15 30 63 79 80 86
2 28 61
0
3 36 59 65
6 6 7 22 28 50 53
1 65
2 25 38
3 11 19 25
2 64 70
3 29 38 43
2 5 38
9 2 8 19 23 27 28 38 45 70
6 11 20 25 60 65 78
8 4 33 44 54 55 70 76 77
4 6 14 53 84
5 12 37 40 53 69
3 46 64 65
3 19 81 86
5 12 18 20 36 76
2 52 57
8 22 29 35 50 51 55 63 81
2 49 75
4 8 26 42 79
2 6 45
4 22 34 62 77
4 2 42 44 71
3 35 56 77
5 2 17 26 28 66
2 63 80
3 32 39 63
5 1 3 10 41 82
6 40 48 66 71 72 77
7 12 28 29 41 55 56 73
5 13 31 48 56 69
5 11 19 39 51 57
3 4 6 71
4 37 45 65 79
1 59
2 53 71
5 14 30 34 49 80
4 4 20 38 40
3 4 20 26
2 51 69
3 30 31 61
4 46 53 56 84
2 63 64
1 45
5 4 43 58 79 85
2 21 68
1 86
1 71
3 38 44 86
6 10 14 27 33 43 58
4 31 41 60 80
1 71
4 8 47 48 70
3 6 30 44
1 45
4 27 28 39 73
3 8 37 40
2 54 64
9 6 10478
0
0
0
0
0
0
0
0
1 5
80 34 30568
0
2 38 65
3 14 51 74
1 27
2 6 66
2 36 48
2 64 66
1 48
5 2 7 35 42 49
3 15 29 70
2 49 78
1 11
3 12 58 69
6 5 31 35 36 72 79
3 31 34 58
2 32 56
2 2 40
5 9 22 28 36 62
2 3 20
3 7 27 32
2 71 76
3 24 75 76
4 16 36 48 72
2 50 74
2 27 71
8 3 10 18 22 32 38 47 69
4 5 36 47 74
1 68
6 10 27 37 40 43 65
6 1 4 42 70 72 74
5 4 9 48 55 76
3 10 45 71
4 11 23 57 76
0
2 33 77
3 11 20 24
4 20 54 56 72
6 15 16 30 34 74 79
4 26 38 42 75
4 17 42 47 65
3 3 23 24
3 4 15 68
3 27 40 52
1 66
3 15 32 79
5 30 54 77 78 79
5 10 30 32 72 73
6 16 28 59 61 70 72
5 9 58 67 77 78
0
4 54 71 79 80
3 51 60 70
4 9 12 32 40
2 9 12
4 43 49 66 79
4 2 6 19 21
4 5 63 65 73
3 18 23 25
4 8 41 52 76
4 20 36 55 70
3 1 6 54
3 4 18 41
0
7 37 40 43 49 51 65 76
1 75
2 28 29
4 7 13 20 55
3 3 25 28
4 6 9 12 31
3 13 18 75
2 3 21
2 38 46
4 46 55 70 71
3 29 47 50
3 39 40 71
2 43 51
7 19 29 33 37 49 70 75
4 3 54 56 61
1 57
3 28 45 64
9 7 16954
0
1 7
0
0
0
0
0
0
0
56 17 4394
5 12 32 33 39 45
3 19 30 43
4 15 34 44 54
2 48 51
7 20 26 33 34 35 44 54
3 32 44 56
2 18 32
5 14 24 31 34 37
2 34 49
1 40
3 4 31 53
1 49
6 3 10 17 22 43 51
1 1
4 10 25 41 46
1 52
2 5 15
2 38 53
1 42
4 2 6 19 25
0
9 13 26 30 31 38 42 43 46 53
4 22 29 36 49
2 27 37
3 8 19 50
1 2
3 25 42 45
2 14 24
2 8 11
0
5 17 21 23 35 36
4 5 21 26 39
4 5 28 31 45
2 19 51
3 9 22 54
4 10 34 39 54
2 20 40
1 27
1 43
2 4 48
5 11 26 31 43 53
3 30 44 51
2 40 54
5 24 26 28 33 45
2 26 41
2 17 32
3 8 14 36
1 19
6 3 12 22 29 32 52
4 6 30 32 35
2 26 55
2 22 36
1 3
2 28 41
1 10
0
34 29 11342
0
4 6 12 13 26
3 2 17 26
0
2 1 32
0
2 13 15
2 1 20
1 22
1 20
1 3
1 10
4 5 11 16 34
1 31
1 10
3 3 26 34
0
1 34
1 34
2 23 29
0
0
4 1 24 31 33
2 17 19
0
1 16
2 26 29
1 11
2 7 13
0
0
2 18 20
1 6
1 1
37 19 8352
0
1 11
0
0
0
1 2
2 23 28
1 27
2 5 10
4 14 18 29 31
2 6 14
4 4 14 30 35
3 21 30 36
1 25
2 23 29
0
1 25
4 2 11 19 24
2 20 31
2 17 18
1 20
2 31 34
2 21 36
3 5 28 33
0
0
1 1
0
1 13
0
1 24
2 10 34
0
2 14 18
0
0
1 19
32 32 23890
2 3 10
2 17 32
2 6 16
1 31
0
1 26
3 1 5 6
0
1 25
1 7
2 12 22
0
0
0
2 29 31
2 2 26
0
0
0
3 2 6 25
1 8
3 19 27 30
0
0
1 5
3 2 4 13
2 18 25
0
1 22
2 12 27
3 5 14 28
0
98 10 24946
1 35
2 76 92
6 7 26 36 41 44 74
7 9 18 36 39 66 68 87
3 53 76 98
2 37 52
5 22 34 48 72 82
3 65 77 80
2 31 73
7 4 13 16 59 67 81 88
8 15 31 42 44 59 72 73 87
6 10 29 47 58 61 89
3 18 20 61
3 7 41 95
2 8 24
6 9 27 41 73 77 91
8 11 21 23 25 28 44 52 73
0
6 17 46 55 59 64 65
9 12 33 43 48 55 64 65 66 82
0
7 3 5 38 75 92 95 97
6 8 35 38 62 63 67
7 2 17 32 50 63 70 91
4 41 47 67 91
2 41 45
1 57
4 40 47 62 67
4 1 75 82 92
2 6 83
3 10 82 86
5 1 28 36 42 44
3 16 66 79
6 46 48 51 63 65 67
6 3 22 45 47 72 76
4 27 35 52 54
2 39 69
1 11
3 41 58 77
5 3 52 57 81 97
1 56
5 6 13 70 76 91
2 20 67
4 13 34 62 91
6 5 18 54 80 86 97
5 8 35 42 83 93
6 18 20 27 46 52 58
2 32 91
2 42 97
1 51
3 49 77 96
6 22 26 56 76 78 84
0
3 10 18 49
1 27
2 27 92
5 12 19 25 33 74
2 35 52
2 44 63
3 25 35 65
2 41 55
2 14 32
1 20
3 3 14 40
2 23 30
3 23 87 98
6 5 14 32 43 56 84
7 8 13 41 53 74 77 93
0
1 42
5 49 50 55 61 88
2 77 89
9 7 33 40 46 55 65 84 90 92
5 42 43 58 70 97
2 19 52
8 3 17 35 37 56 68 72 84
3 24 46 52
2 19 81
6 30 49 55 58 70 93
5 12 23 49 61 77
3 1 16 96
2 31 33
6 9 29 31 49 75 85
1 81
2 15 45
3 19 68 81
4 9 24 34 89
2 3 69
7 10 29 33 34 52 74 95
7 14 63 75 78 82 86 89
3 4 45 52
4 6 48 72 86
3 3 8 78
6 26 47 53 57 59 83
3 24 53 68
8 18 20 39 46 56 59 87 89
2 19 91
5 16 24 26 31 94
76 60 19084
2 52 69
2 44 52
3 13 23 55
4 12 43 52 72
1 6
2 40 72
1 26
3 13 17 71
5 12 21 48 50 59
6 23 24 42 44 71 73
3 17 35 45
3 21 62 63
4 9 15 21 56
0
4 3 9 62 68
4 10 28 42 47
5 8 20 25 27 57
5 2 5 26 31 43
10 17 25 29 30 31 37 53 61 62 64
4 24 41 56 62
2 71 73
2 50 71
2 15 21
6 12 17 19 32 49 60
2 41 76
4 18 27 61 67
3 17 22 66
0
1 69
1 53
2 10 37
2 18 63
1 54
3 3 51 55
1 12
3 34 41 61
0
5 3 17 41 56 63
4 2 24 32 68
3 2 46 68
2 40 50
1 37
1 72
2 30 43
3 2 39 42
2 27 72
3 39 53 69
1 74
4 17 26 42 62
7 8 11 12 40 43 53 67
3 10 58 72
4 15 26 56 61
2 20 49
2 5 65
2 14 27
4 24 39 43 68
2 11 13
2 25 42
3 3 20 56
4 2 15 16 64
6 31 32 33 34 44 54
3 31 40 41
4 26 51 59 68
3 7 14 45
3 40 46 57
2 8 48
2 11 37
2 52 62
0
4 16 22 24 72
4 29 54 63 70
1 42
5 8 27 31 41 58
4 14 37 46 72
1 8
4 20 32 56 60
51 37 5786
3 9 25 40
1 44
3 7 12 44
4 14 16 34 39
2 30 31
4 4 5 36 41
4 1 2 20 49
2 13 21
2 1 30
5 18 23 24 38 48
2 13 38
3 3 20 33
1 39
4 13 17 21 47
0
2 4 43
4 22 28 35 51
3 23 26 48
1 28
0
0
1 7
1 43
1 50
2 39 43
2 21 42
2 32 47
2 8 36
3 16 40 46
1 16
3 21 25 50
1 22
0
1 51
1 27
1 24
2 9 41
2 10 39
3 11 16 21
1 27
2 25 31
4 14 17 30 33
3 2 4 23
2 27 33
4 21 28 29 34
3 16 25 27
1 33
0
2 12 20
0
0
45 27 13614
0
2 6 22
0
1 34
2 42 45
1 19
1 23
3 4 9 11
3 15 16 25
2 24 32
2 1 31
3 3 32 45
1 21
1 39
2 25 44
3 7 15 45
1 14
1 13
0
3 3 12 16
0
5 9 13 14 26 38
2 9 12
2 1 41
1 18
2 24 42
4 2 35 38 45
2 29 38
1 45
1 4
5 10 16 27 32 45
2 24 30
1 24
1 9
1 41
2 26 31
2 13 42
1 13
2 20 24
1 45
1 11
3 1 5 7
3 5 35 36
1 21
0
85 31 23262
6 13 21 22 71 72 74
2 52 67
3 14 25 72
4 15 36 60 72
2 10 63
4 70 74 77 81
1 33
5 26 38 59 61 80
3 45 80 82
2 4 29
6 9 29 58 70 71 77
1 32
5 1 35 51 64 67
2 31 60
2 56 65
6 12 13 39 51 73 77
1 39
3 47 58 64
5 24 44 57 83 85
3 22 62 76
2 53 73
3 4 25 41
3 28 53 64
5 7 33 55 62 82
8 9 21 27 28 55 70 76 79
2 39 68
5 1 17 23 69 76
2 15 51
2 79 85
1 75
4 18 45 81 83
10 7 13 18 26 37 43 69 72 73 79
2 13 26
3 15 20 48
3 13 58 68
6 3 17 30 32 46 56
7 4 18 26 33 36 44 79
2 70 71
2 47 58
2 7 21
0
6 19 29 30 31 59 81
1 48
4 6 9 63 75
5 7 15 24 61 72
4 25 48 69 75
1 82
6 15 16 37 57 61 66
1 44
0
4 7 31 59 81
4 14 26 53 70
4 2 9 22 55
1 22
3 60 63 73
3 55 60 61
3 40 45 73
1 74
6 8 21 44 57 68 82
2 14 48
3 42 46 71
1 83
5 18 31 35 43 45
2 37 68
1 73
3 2 32 81
2 63 66
1 57
3 18 19 67
4 9 42 55 78
3 6 50 69
2 31 69
4 34 37 84 85
3 1 40 83
2 31 78
4 11 29 34 78
2 48 50
3 19 50 73
3 6 62 66
3 4 39 59
3 39 48 53
3 36 53 78
2 53 84
4 42 43 55 77
2 53 76
17 17 24444
1 3
1 4
0
0
1 9
2 10 12
2 5 13
0
1 2
0
0
1 4
0
0
0
1 8
0
68 17 11645
2 7 15
1 67
4 4 44 62 68
5 33 37 47 60 61
0
1 11
3 2 4 31
3 6 33 39
3 4 16 56
5 1 2 14 32 60
1 23
1 67
1 44
3 23 24 36
3 9 23 56
1 48
5 4 12 42 58 64
2 61 67
1 57
3 3 29 30
3 17 24 43
4 9 38 63 66
0
1 44
1 34
2 18 34
2 2 47
4 12 18 46 47
2 12 56
1 36
2 15 47
2 11 17
1 25
2 21 63
1 26
3 1 35 52
6 8 10 11 26 38 43
3 12 30 40
0
2 15 60
1 3
2 32 62
2 34 50
2 12 29
5 10 46 47 49 51
2 4 30
1 5
2 45 66
5 9 23 45 53 64
3 28 61 64
1 35
1 67
1 46
1 28
2 32 49
4 11 35 46 64
4 36 40 46 48
2 42 66
2 54 55
4 14 38 46 61
2 3 10
2 56 58
6 5 22 46 49 65 68
2 3 17
0
4 17 23 32 46
2 8 32
1 34
100 93 1000000000
3 35 37 95
5 7 17 53 76 89
8 2 30 43 46 57 58 59 99
4 3 64 88 94
10 1 2 8 11 30 48 63 83 89 100
5 24 25 36 52 83
3 27 44 74
3 51 63 70
6 6 29 64 73 86 98
4 31 59 62 72
4 10 31 73 78
3 21 35 41
7 6 14 35 41 45 54 71
4 32 79 92 96
9 3 14 29 45 62 63 74 78 90
3 19 38 92
7 2 27 51 61 64 68 93
3 3 53 58
2 16 49
1 98
3 33 57 90
4 17 26 70 82
6 9 40 56 62 63 100
4 38 53 57 87
13 3 5 7 9 14 39 41 48 50 59 63 78 99
9 15 18 27 28 33 52 67 84 88
4 4 54 61 68
5 53 58 65 72 93
3 26 62 68
3 21 42 57
2 66 84
4 60 79 85 87
3 56 78 80
3 4 33 69
3 17 58 92
1 61
4 33 63 85 90
5 13 22 40 60 67
4 8 33 34 76
3 19 75 99
5 6 20 26 72 100
9 5 7 34 44 63 65 68 80 95
5 49 69 71 76 88
2 1 42
8 6 15 25 60 63 74 83 90
5 3 26 27 51 100
5 31 41 48 49 77
4 50 65 74 97
2 3 22
4 37 49 60 66
6 10 20 35 52 65 83
7 7 23 62 63 69 75 95
2 22 23
4 8 34 44 70
0
5 8 12 18 89 95
4 9 30 35 87
6 26 31 50 70 81 91
2 5 37
5 30 31 78 88 98
2 30 47
5 8 20 71 90 97
6 9 18 40 51 55 59
2 78 96
1 56
3 21 92 95
5 18 24 56 58 94
3 51 52 81
2 1 45
5 2 6 85 91 92
3 30 58 63
5 15 16 21 64 70
7 14 16 31 36 44 60 88
4 9 63 79 87
2 30 77
2 5 97
5 1 12 38 63 75
4 2 5 41 93
6 3 34 53 80 98 100
3 27 35 75
3 2 46 87
5 8 14 19 34 71
0
3 41 45 72
5 4 5 7 17 66
2 7 80
2 18 88
5 30 33 73 78 92
3 9 65 85
1 92
4 23 77 87 97
6 16 22 40 45 70 99
4 12 32 69 88
4 12 14 50 68
6 14 19 30 41 87 97
4 37 63 72 76
3 39 56 71
1 65
5 8 53 73 96 100
0
100 66 999999999
4 2 44 81 96
4 9 24 51 81
4 2 13 33 69
3 15 69 73
5 16 32 46 81 95
2 21 99
2 4 54
2 2 35
4 38 47 62 83
2 3 65
4 14 26 54 76
7 22 39 50 64 73 79 86
5 5 16 46 52 57
2 31 50
5 38 42 58 68 95
1 32
5 4 21 31 50 80
3 31 71 91
4 9 37 71 89
3 2 11 79
7 6 18 36 52 63 68 83
6 12 19 27 71 81 100
5 7 55 96 98 100
4 16 20 86 99
5 3 7 26 62 75
5 8 47 51 55 60
2 17 70
7 25 45 51 66 70 76 80
2 41 71
4 41 54 67 83
2 51 70
1 82
5 1 36 88 90 100
3 16 66 67
5 2 60 68 76 86
3 4 45 62
2 51 86
1 73
2 16 40
2 17 86
5 49 64 65 84 99
8 28 30 35 38 75 80 90 94
3 21 46 68
4 34 79 80 81
4 20 40 71 84
2 37 52
4 19 49 53 99
2 80 88
2 9 87
6 1 4 48 75 76 100
3 4 8 41
7 2 5 6 10 63 76 77
3 19 31 100
4 4 20 40 77
7 7 26 37 59 66 70 90
3 13 46 48
3 34 54 89
4 22 72 74 75
4 18 42 52 56
2 2 90
2 47 59
6 16 23 25 29 31 81
5 14 29 42 84 91
8 9 26 37 42 44 60 86 97
6 21 34 70 85 87 96
6 13 30 37 39 92 96
3 2 26 57
1 33
2 62 76
4 35 44 75 79
5 23 28 33 42 81
5 10 40 46 71 87
2 12 94
4 28 56 77 94
3 2 23 81
4 44 48 53 86
4 5 91 94 100
7 7 9 17 21 72 80 83
4 2 17 18 74
2 32 54
0
1 86
5 15 21 33 47 51
2 38 92
4 23 47 48 69
3 8 41 63
4 17 19 27 90
3 9 35 71
3 15 44 47
3 43 61 84
0
4 41 66 78 79
4 2 48 84 90
6 45 52 59 62 70 91
2 18 46
4 15 29 40 95
4 50 62 67 85
8 19 69 71 73 85 92 94 100
3 9 45 60
4 33 43 53 95
100 43 999999998
2 24 33
3 63 91 98
2 42 96
4 11 35 78 81
4 4 47 50 64
4 28 40 48 60
7 13 31 34 36 50 63 72
4 61 67 68 83
3 47 48 65
4 16 73 80 98
4 19 56 62 83
4 15 41 74 97
7 15 22 28 34 47 83 99
3 3 11 82
2 24 100
4 3 13 34 68
3 60 81 97
3 43 45 76
4 30 60 89 98
4 39 43 69 76
6 4 31 40 50 80 93
4 17 60 64 66
5 13 19 46 75 100
6 6 8 22 26 68 74
2 8 34
5 33 40 68 88 97
1 42
4 2 32 48 53
1 31
5 6 7 12 61 68
4 53 59 85 100
3 25 54 93
4 53 61 71 91
5 7 15 66 67 88
4 13 52 60 68
4 11 27 32 95
2 96 99
0
7 2 8 12 29 57 73 81
3 44 68 98
3 49 80 98
4 53 72 80 95
5 21 45 64 91 93
2 32 54
4 10 17 19 99
2 22 68
3 22 54 58
2 14 83
3 86 94 98
4 9 27 44 52
5 46 48 66 78 89
5 24 33 38 63 86
3 8 55 64
4 3 25 52 72
2 4 54
1 95
7 14 24 26 67 94 98 100
1 39
3 40 42 43
2 25 94
5 2 6 9 53 68
8 25 66 67 73 75 87 89 91
4 11 27 71 78
5 3 21 39 86 100
3 36 52 92
6 1 15 40 58 71 89
2 25 84
7 12 16 46 66 74 91 100
7 1 37 39 56 64 92 96
1 17
1 83
3 26 75 90
1 43
5 45 65 68 95 97
2 13 25
8 17 27 39 44 50 59 66 83
4 58 71 92 97
4 37 47 61 91
6 29 33 43 71 97 99
0
3 20 58 59
3 12 45 56
6 2 16 19 28 69 84
6 4 23 32 36 42 97
2 43 96
4 21 31 47 73
4 1 14 56 82
8 27 47 54 56 65 75 95 96
5 22 65 74 82 92
7 15 30 48 61 78 94 99
2 16 44
6 3 5 29 65 82 85
6 4 64 67 72 91 94
3 21 23 50
4 14 49 66 88
5 16 22 31 33 37
6 2 8 30 53 54 86
4 36 46 47 66
4 18 25 62 93
7 7 34 51 52 72 75 96
100 4 999999997
5 5 46 58 70 85
1 90
3 31 63 68
6 1 2 30 87 90 96
4 3 32 56 60
6 13 24 28 61 65 89
6 15 39 59 70 78 95
2 30 43
2 42 44
5 33 66 89 94 99
4 8 25 44 82
3 13 41 43
0
2 12 32
3 61 69 79
5 5 31 35 37 91
2 11 37
9 1 19 22 68 70 77 79 82 100
8 10 16 18 46 61 62 76 77
3 49 55 57
6 4 11 15 32 63 79
5 54 68 82 92 94
4 12 24 68 76
4 21 30 61 92
2 4 45
6 6 10 18 19 65 87
2 60 97
5 12 22 29 90 91
2 51 68
3 2 35 47
5 4 26 40 91 99
1 75
4 6 10 49 62
6 6 36 43 48 63 79
5 40 61 64 66 92
7 8 22 25 43 78 79 100
3 20 90 97
3 18 23 37
2 3 15
3 68 92 98
3 12 34 77
7 15 30 44 52 72 85 91
9 2 4 24 39 52 67 75 83 93
3 15 33 80
4 8 46 73 86
5 5 8 54 56 78
4 48 66 76 91
8 4 12 17 27 40 46 70 76
5 19 58 78 84 97
4 28 30 58 70
6 1 20 50 68 75 97
4 22 34 70 80
1 1
5 10 22 66 90 92
6 1 34 39 50 56 98
3 61 93 94
4 51 72 93 96
3 29 57 87
1 72
2 83 99
3 12 26 32
4 5 24 38 53
1 4
3 44 56 86
6 10 34 75 94 95 96
3 14 22 42
7 14 34 54 59 64 70 98
1 24
3 41 48 79
2 38 93
7 3 9 12 47 72 95 97
3 65 81 94
6 12 31 55 75 76 80
3 32 91 97
4 10 27 49 99
3 41 58 83
3 18 39 48
4 5 14 26 80
1 77
5 11 26 51 65 82
2 18 58
4 55 56 73 83
4 35 46 90 92
2 11 15
1 47
4 17 41 71 82
3 66 82 94
4 57 62 79 84
5 33 42 63 80 99
7 4 21 23 28 36 47 91
5 2 7 34 52 98
4 6 10 23 70
1 11
1 46
2 33 72
3 11 75 77
5 24 54 62 88 95
3 69 77 91
3 49 87 88
5 11 15 18 49 79
100 97 999999996
2 11 75
4 16 92 93 94
7 39 54 66 67 82 83 93
7 2 17 39 54 60 62 67
3 19 58 65
2 2 95
4 3 58 64 69
6 12 43 48 54 87 92
3 28 38 47
0
5 26 49 64 69 97
4 15 24 53 83
4 36 47 75 93
0
3 28 69 92
4 2 52 72 98
3 8 55 88
3 10 23 82
2 35 88
3 26 38 72
2 26 70
6 29 36 40 77 93 94
5 1 13 63 68 85
5 21 23 34 56 91
3 40 60 87
2 17 94
8 1 13 28 29 55 62 74 86
2 69 88
3 4 64 95
2 23 51
6 26 36 43 61 79 91
3 33 42 97
4 3 6 56 87
4 6 35 45 76
3 20 53 82
5 25 67 77 82 84
5 2 40 56 59 100
7 12 57 60 77 79 96 100
4 29 62 65 69
2 5 78
7 18 24 27 39 40 83 87
5 30 37 45 60 99
2 14 51
2 51 88
4 15 40 86 95
7 13 18 27 66 68 69 82
8 7 20 59 61 71 79 90 92
9 8 19 20 23 33 46 70 71 95
3 22 53 84
3 61 70 71
4 17 40 43 85
5 13 49 56 92 100
6 19 31 48 58 85 99
3 22 61 68
3 12 49 91
6 48 72 73 80 97 100
4 45 46 79 97
6 9 21 45 76 79 83
5 8 35 47 63 73
4 24 39 67 68
1 73
2 58 76
6 26 28 51 55 79 94
4 22 29 57 94
3 74 76 94
4 36 46 60 90
6 11 18 20 36 60 100
2 40 92
5 9 60 66 89 91
4 10 27 39 57
6 36 42 48 63 78 84
3 23 88 100
1 60
4 10 18 45 78
4 17 33 35 62
3 8 37 92
4 47 60 62 66
4 1 10 40 44
5 2 55 56 68 72
4 33 56 63 66
4 2 53 64 65
4 5 14 39 60
3 47 77 96
6 19 53 61 79 81 98
6 5 6 12 37 44 45
2 8 10
5 17 24 38 79 94
5 18 27 50 76 94
2 64 85
1 32
2 61 93
6 18 31 39 50 80 87
4 42 64 69 77
5 5 7 12 33 93
5 30 33 53 65 66
6 8 12 28 69 71 72
2 40 90
9 10 19 45 55 57 66 76 77 94
2 11 15
2 41 82
100 30 999999995
3 49 78 97
4 34 43 53 62
5 21 24 27 39 82
5 5 7 10 42 74
6 4 40 57 67 76 100
5 36 62 63 66 85
1 58
6 1 7 41 54 86 90
3 43 82 94
2 9 92
3 36 58 82
4 14 32 41 52
3 19 52 79
3 1 16 23
2 25 95
6 20 23 30 35 58 65
6 5 8 9 27 56 88
2 89 91
6 4 31 34 40 67 80
7 17 21 25 41 71 89 91
5 13 23 83 93 94
3 35 36 43
3 56 62 86
5 2 26 35 50 73
3 56 71 83
5 10 47 56 59 60
3 3 28 45
2 85 89
7 31 32 49 62 68 76 98
5 5 25 47 49 81
4 6 45 49 89
3 24 44 89
6 2 30 35 62 64 78
3 6 25 90
5 27 43 45 59 89
4 29 56 72 86
5 4 5 74 76 91
3 11 46 78
6 33 50 54 86 93 97
8 27 52 60 71 72 74 87 93
1 56
5 27 36 88 95 96
3 38 70 80
5 10 40 41 63 98
6 12 57 69 82 99 100
6 11 13 15 20 74 75
6 6 42 62 65 74 98
3 15 54 87
5 10 48 50 70 99
9 11 17 25 30 47 55 56 93 100
1 49
2 20 97
4 29 75 84 97
5 6 11 28 56 67
6 14 27 45 51 80 87
2 63 78
3 46 52 71
4 10 39 56 57
4 2 23 44 76
0
5 35 53 66 86 94
3 36 41 70
5 43 54 58 69 99
3 36 72 97
8 10 15 21 36 47 73 77 91
3 4 9 58
1 41
5 14 44 48 54 75
4 59 61 68 89
4 37 50 69 81
3 38 80 94
3 39 77 86
3 19 71 93
7 5 6 27 34 84 94 95
3 24 63 72
3 31 57 85
1 36
4 17 22 83 99
6 39 60 63 69 71 95
2 19 74
3 3 32 44
7 2 16 19 33 48 62 78
4 7 14 51 68
2 16 32
2 10 80
4 26 30 50 76
2 14 28
4 7 32 74 83
3 77 86 92
4 13 27 46 74
7 1 33 39 46 69 86 87
2 36 57
3 20 46 66
5 48 50 54 76 82
2 2 94
4 24 33 55 95
3 1 21 49
4 18 39 48 92
5 24 25 47 59 77
6 5 30 37 40 61 89
100 38 999999994
2 15 70
2 16 47
3 9 82 87
3 24 46 70
6 25 43 54 70 78 87
2 53 76
2 22 43
6 18 22 24 46 64 95
2 16 20
3 20 59 83
5 15 23 25 30 55
5 15 27 49 74 93
6 38 48 69 78 82 95
4 4 39 79 96
5 25 40 45 54 90
3 30 37 43
4 2 40 43 99
4 23 35 54 81
10 6 11 25 52 55 62 66 73 79 98
4 23 35 37 65
1 55
2 50 75
4 21 70 89 99
4 57 64 69 70
3 12 23 37
6 2 17 21 52 68 94
2 11 14
5 16 34 40 54 79
5 6 27 37 80 94
3 21 55 60
4 11 42 47 65
4 9 38 61 64
3 14 20 52
2 11 73
2 52 88
6 7 8 12 26 40 46
4 50 59 84 91
6 28 30 35 53 54 96
6 7 50 55 65 80 86
3 15 29 39
4 19 44 52 76
6 1 14 71 77 96 97
6 40 61 74 76 81 99
1 41
6 1 18 35 41 46 87
0
3 12 81 84
5 17 37 53 63 97
3 81 89 96
0
6 18 23 27 28 31 40
2 40 45
3 18 22 94
4 2 16 72 85
0
6 24 30 76 84 86 88
5 14 48 51 55 78
5 9 19 38 40 51
5 30 33 51 73 92
4 42 55 88 96
4 1 51 60 92
11 18 28 38 39 46 59 72 75 84 88 92
3 55 90 94
7 19 23 24 35 40 43 94
3 30 45 62
3 34 62 73
1 21
7 16 18 41 56 62 78 97
6 4 7 19 37 42 93
1 2
5 12 22 25 34 97
4 28 48 82 91
7 11 26 32 39 81 84 88
3 1 21 48
4 38 51 73 88
8 1 7 27 32 50 51 57 89
5 3 9 58 63 66
8 14 22 25 38 44 45 71 99
2 9 86
3 7 28 29
4 35 38 44 62
1 89
11 33 36 43 58 67 74 76 90 96 98 99
5 8 25 31 55 81
1 100
1 35
7 20 39 42 49 58 71 75
2 55 92
3 45 49 72
4 13 18 63 82
4 18 57 67 73
7 17 28 29 38 47 56 84
2 49 86
8 16 21 23 29 35 47 97 100
2 50 93
2 72 81
8 1 5 6 19 25 32 73 81
7 4 25 29 32 34 68 75
7 11 24 30 46 68 85 95
4 10 34 79 85
100 98 999999993
3 25 79 98
5 34 40 53 90 91
3 15 26 76
3 10 37 74
5 2 38 43 51 54
3 36 42 52
3 49 79 81
4 2 28 90 100
2 30 34
3 8 40 51
6 34 69 81 89 90 95
7 5 6 37 59 63 66 90
4 30 45 61 76
4 44 67 85 86
5 3 5 35 78 83
4 64 68 78 97
4 8 32 33 78
3 55 60 71
2 56 68
2 31 54
4 46 53 60 90
5 5 41 63 85 88
1 91
5 1 32 41 57 93
4 24 42 48 94
4 3 54 62 94
4 35 40 52 74
5 76 81 82 88 89
3 43 48 83
5 20 28 48 68 70
3 42 44 48
3 4 40 46
8 5 32 45 51 52 61 64 96
3 53 91 93
5 37 74 89 95 97
5 4 45 57 71 76
6 3 15 64 78 85 89
6 7 17 20 47 56 71
3 32 43 73
2 57 90
4 12 30 48 92
3 18 68 89
4 31 57 60 79
3 46 72 78
4 16 21 60 86
5 8 48 74 81 98
5 2 13 20 35 36
6 6 26 77 79 80 87
5 2 13 24 66 68
4 14 20 24 58
2 4 30
1 57
2 55 85
4 25 29 42 48
2 40 82
6 12 14 34 81 83 94
2 18 66
4 8 38 56 84
2 30 82
2 35 76
2 52 75
6 10 25 31 56 59 100
5 9 14 34 65 99
2 3 81
4 5 67 87 89
7 3 7 22 52 54 65 95
6 4 27 28 65 76 97
3 17 24 59
3 37 58 94
5 54 56 78 80 100
4 9 41 45 91
4 25 31 43 58
4 16 36 44 96
5 20 31 55 73 75
2 65 73
6 18 26 30 37 47 56
4 24 47 76 93
1 30
6 32 41 59 65 78 81
7 31 42 56 59 67 70 89
7 14 20 26 40 79 82 86
2 53 55
2 5 49
3 61 66 71
2 10 21
6 38 41 58 65 94 97
2 25 27
3 5 64 90
3 4 53 90
8 6 8 12 16 29 42 64 68
3 23 74 90
5 44 74 83 87 93
5 7 28 48 88 90
3 8 24 38
4 1 29 43 48
4 8 14 43 84
3 54 92 95
3 41 86 96
2 82 95
5 36 67 70 82 99
100 20 999999992
7 3 58 59 80 85 88 98
3 22 32 44
4 51 53 59 99
5 2 3 52 54 60
2 76 77
6 12 58 65 73 74 85
5 2 6 13 61 96
4 6 10 47 79
4 25 68 93 99
5 5 16 24 47 100
2 30 48
4 2 18 83 85
11 4 9 14 28 50 58 76 78 88 99 100
2 11 32
3 10 73 81
4 12 17 83 91
3 4 28 93
4 29 57 74 92
9 10 17 41 61 68 70 86 95 100
3 2 50 93
5 1 5 46 69 70
7 3 5 17 54 91 95 99
6 4 28 33 73 79 100
5 29 31 47 67 70
7 3 15 20 44 78 79 82
6 5 6 23 29 70 72
5 44 45 60 71 72
6 45 54 56 63 72 74
7 10 13 24 44 51 57 74
5 13 27 45 46 56
4 9 28 48 94
2 23 55
6 2 11 30 49 51 52
1 58
5 23 25 26 57 85
4 17 39 70 93
5 22 41 42 80 94
7 29 33 48 50 58 92 100
6 10 29 36 42 82 97
2 97 100
7 11 14 19 20 50 73 84
6 1 8 23 34 55 86
2 25 80
4 12 33 39 75
11 12 17 32 48 52 63 68 79 80 90 100
7 15 22 30 69 75 77 93
4 4 57 67 100
2 31 93
6 15 74 83 86 97 100
4 37 66 78 88
4 1 4 35 82
4 59 86 87 97
6 27 29 43 61 72 82
2 56 84
1 100
3 34 76 81
9 26 27 30 32 34 43 58 59 90
7 1 9 17 31 56 68 84
5 9 11 55 62 98
2 33 84
4 2 19 49 95
3 14 15 49
3 20 49 74
2 6 45
6 9 29 36 74 77 81
4 20 30 73 80
4 19 25 88 93
6 4 5 31 41 73 100
0
3 37 60 97
6 2 17 27 55 83 84
3 45 56 95
3 38 88 99
7 4 30 34 50 75 93 96
3 30 62 99
5 1 33 38 66 79
4 48 58 71 74
5 13 29 56 80 89
7 1 14 30 34 38 74 88
4 1 34 41 84
6 3 6 8 61 69 71
4 15 43 87 98
2 76 84
5 47 53 62 75 77
8 21 24 32 33 43 45 92 98
4 1 27 49 90
5 4 34 36 48 53
5 4 20 73 92 97
3 2 82 93
4 5 8 30 87
5 39 46 57 70 72
4 45 66 72 90
2 13 30
1 26
4 54 63 66 89
1 67
0
5 34 49 59 63 89
4 26 40 53 85
2 7 83
100 74 999999991
3 11 42 84
6 5 7 70 73 88 89
2 24 42
2 25 39
4 27 42 50 73
2 86 96
5 56 61 71 73 74
2 15 18
7 8 15 25 35 46 75 96
4 24 34 85 86
2 34 64
5 14 31 37 43 66
3 34 37 93
2 19 33
1 1
5 54 56 76 93 99
3 16 61 80
3 11 39 43
4 31 54 68 77
2 24 74
7 25 34 35 68 76 95 97
2 4 80
4 14 52 62 92
3 39 78 89
3 34 89 91
7 15 35 58 68 81 87 100
5 4 6 12 46 52
4 14 16 57 84
3 45 82 93
4 10 31 34 86
3 12 21 75
4 13 15 24 78
3 12 13 14
4 24 46 47 94
3 6 18 100
3 7 63 85
5 2 25 87 93 100
2 51 68
6 8 49 71 79 88 96
4 17 33 67 75
6 21 37 54 58 59 76
2 50 62
6 14 32 40 53 55 72
3 2 13 39
4 42 53 58 91
5 42 45 80 84 91
1 21
5 6 16 32 42 44
2 13 73
6 9 16 41 47 60 71
5 3 14 30 86 91
6 44 49 58 79 82 98
5 16 44 49 62 94
6 17 31 36 55 76 97
5 11 26 38 45 74
3 21 30 81
6 15 22 52 76 77 96
8 7 8 14 23 45 53 60 61
4 36 47 69 81
6 4 18 20 54 58 80
3 2 36 54
9 4 9 31 33 49 50 52 64 77
1 6
4 28 53 84 98
2 36 60
2 58 65
7 28 37 39 40 55 64 73
2 30 61
6 1 21 56 84 85 90
4 2 10 15 21
4 27 34 43 57
7 21 23 26 46 67 76 94
3 44 47 79
2 26 51
1 92
8 1 14 30 80 82 89 95 99
7 18 41 47 57 65 79 81
7 3 29 35 39 64 69 91
4 24 62 78 93
5 3 33 51 58 100
2 19 64
3 29 90 95
4 17 39 59 82
3 15 40 75
3 10 58 88
4 27 32 50 77
2 52 74
2 12 87
3 24 59 68
1 24
2 56 74
5 11 32 48 51 66
3 72 81 99
3 20 29 52
2 18 56
5 21 51 66 68 74
5 1 23 49 66 76
3 17 24 76
4 3 12 69 90
6 5 17 58 74 78 88
