5202
1506446734
1077627658
1769757667
3869391838
3401651679
3529392312
1260784191
803255715
2460008192
1010657072
2550557925
3450935540
714374644
3340304136
1768559353
2809349512
1259044866
4217997588
434032097
3888406098
4021369005
2733688938
1060220738
4135568264
1316181692
3299327070
3027109632
2109871519
3783183667
2865669509
2481153857
1709913676
1631636567
3739157941
857579881
3616884100
3345335470
681221378
787006751
1017095803
1306159099
2465820353
1548886854
1025832872
1791796805
1681701000
3634908675
3280083902
3651776975
685702699
4185331388
4149687220
2468215072
2795306944
1485605910
1115594429
3474338300
3899964827
3505586677
1276575567
146753640
916617553
2029651583
8009247
4119293865
430224568
2855169049
2252956962
2451183685
1530343397
4267394151
1180691597
359003391
89647659
1318117199
3956829396
4170642398
1598105377
3004747766
1544800174
4112074534
4067649435
2256659392
3299548174
77291612
2292804527
1603743315
2323631915
1577709637
702624945
409599892
1487634040
2089937126
525861687
3393382823
411765931
396327045
4069152789
3450911986
4055800249
702550437
1798698336
3145763097
1293977559
3930220045
2488654702
1841209602
3587012218
3555747521
3056028627
4239955410
1914980183
2639872518
1495909989
3237689070
1304501090
1093299297
1175981368
1398052346
3481359570
4182676887
2280661153
2379219931
2709557786
1039445421
1710178614
2310738360
2887628784
3330860521
1737617867
2661519859
435479369
2377625806
1502933365
1716884020
1373796186
3429874979
1106526858
3118294878
4244837528
4208786924
1793991838
2978652055
95853752
3530269294
1560353415
2816937284
2492936111
1288248622
3806847833
885178633
310587313
2732859122
44073321
807865548
664222517
1273534397
124138829
3043327921
3190830830
37927126
2058977241
453503774
4276830675
3214996417
592716323
4259013048
1386593303
3152935235
187964799
854471267
1635469360
1868085857
2090316418
3566006085
365610707
2504943456
4277756418
994339523
2553239797
612004805
1511583251
31568513
1367826122
1472957526
2616219403
4285536869
3941562825
2792203798
130014590
1312829844
1287949221
3419271244
687997505
1188874866
2711860309
3180977020
3396700010
2165503141
1349080588
3082623339
4061490509
3639542289
53678144
828807966
3928028543
1673561308
2740897190
3825308122
1007853782
2081508203
1502058035
3376180517
2963877478
3165677666
2374755100
436461762
1357029765
4239010984
3934735830
1317264056
1694055111
1414277215
1490597141
539593803
1986755074
505556719
1850832
2309187840
1324819017
4076555770
1244546362
3235717020
4120327156
2883770216
3777785546
1057268261
3045780885
1612996188
2910034483
3230015966
390976003
1783673404
3600869739
990776654
3818693459
1680991149
3348216999
3918207032
578118104
634733715
660714844
1143616419
504646954
3347670292
3782128703
56004307
1610016539
2732201876
475454020
566139725
2950296258
1351904185
1123322274
3595438807
381316468
2865082984
4251345356
2603928948
3738540740
3384442309
873022328
702223723
2410216073
100638006
293294492
2062701119
4075769304
4167246688
4254591851
3328521911
296261125
2079416615
2709303899
2254614999
890180773
2818041521
3867510561
1934947812
3852618126
3556935011
4115696817
2263511652
3978163924
2631814625
935010882
4178696730
1417551052
3617165585
1440868424
1156849165
1661139980
2692800791
941736311
537030272
2753828457
1310723418
152489413
2263301370
3752078838
2051418236
832532072
2945464383
494747658
4294869605
1490502867
355161172
2834075962
4103515192
1763520700
1881391230
158310489
2996533339
2349618200
3106467395
146944127
3571053938
696455195
690261862
2934129150
828339555
3952936252
960926702
1158615917
3816327507
3115914287
2751015967
1455564961
1135739814
3195232232
1609419390
2830713261
3923374594
1638352541
2785812432
1207066601
2952571211
1282698180
4052032538
2041234151
2925967527
1765191184
4207210914
3378376062
1051062395
3750310007
3094745323
13148098
4186333548
407655214
1720199612
652859913
3088408158
3181098666
2083008025
2248007655
2476767095
3084008863
3015855942
2759863858
3853810971
797967876
84147915
1328581374
1159627504
2393994252
2849631338
2366239392
2364265947
2102535982
443549993
2806622638
3580299264
3855548701
271943502
661401340
1998646469
4022804943
2245383772
3576644255
199463887
68610937
2956896282
3146901741
1824279554
3453615504
211545484
567042170
2985994884
846019273
1365039095
2422221340
875068857
1584382489
2016139232
3523676391
2366953031
3116103348
3136789773
4039244592
2546664723
3950016529
2431327105
851985549
1771674946
3756665059
3027730819
563897554
1544318520
3167103008
507855255
2281118485
200379034
3991001341
121900161
1826188202
1297432655
425253359
3902853705
444438054
998515322
713559211
2076623921
425728863
806158720
1242469158
3093583295
859880297
3283873544
3771190933
3613733817
1880717722
3466279925
2530238061
1425560098
438932614
1794930796
1434854754
3851084097
3119288066
4016666067
1199981418
2227589530
371206436
4155524559
3551337147
1805342194
1002595392
1524512837
2736277960
305519438
1879998699
859889497
2686759751
838998003
1065419003
3647081329
4084103469
3299702631
1910088581
3859991857
81001135
36024173
219376860
844985983
2121390402
1687596556
1584110231
3616577408
1235482522
2741937800
3982405515
775356824
2382853294
3092842342
2192206796
3491874413
3044716977
3695477355
659345839
2505651684
1763266329
2304510621
612376777
2536300833
2453811356
1980681791
46455792
791255434
1485861933
2651340760
2345976121
4128993475
652311554
976621355
3350058232
3289429682
2740120207
3250925375
9262274
2991979388
3124862603
3978547032
3220292716
460788358
2454305258
3103547899
3415597836
2520910708
2504564192
1513985518
796374007
4257494827
1834740452
1276337460
886273472
1766467538
31490473
1223485972
1646766655
845262284
2071102245
1165274129
2200900486
4074100927
1156600461
2123912690
2682892524
2192898703
91590486
1803933115
4287742981
4199261538
2808027445
3316211377
765841063
3039275164
1397494559
2259705946
4058091750
1226053348
1914166857
3850866041
1430457112
2451586844
2917079335
1566365205
2701623248
2811802476
3992954736
2795137905
1605070822
3792258359
1528211479
3119562260
1475123820
3695183139
1627356754
3494608834
2479227577
1833518100
2765736342
1658232960
1534519394
2943521584
318728856
704663955
947572027
4215849948
3524297549
544539777
4102975833
3935823292
1290237162
2099407373
2561726226
1416514486
732159716
3140842302
1813855994
1394115823
1453302511
2434421080
4182845670
1059283915
4168802818
4202591712
151607020
3009148912
2014379600
776965787
2755905888
2261750595
2155714639
2797113486
339526359
3519727336
4196438197
472427263
3782263079
4024066885
227870581
2269859441
3567028325
2009889534
599285700
571419819
4173207780
1135369465
3853006617
1704998577
2467541564
1808308827
1019310888
174824647
806868799
1236075912
1369387494
136171637
2542290692
1982377510
2367804551
2594407293
3529639391
3410421274
2573466753
942384613
719474790
1616068488
1589808010
2602658035
646425197
2413660374
98279573
3157474346
2450248713
4054963369
4153056984
3561804625
1953353616
1608282853
3723372232
1570446700
401267607
4054513072
2674071578
260852928
83786481
27864175
1753650626
3821851090
57110197
665201350
2687827703
306797672
488748600
1034829723
4018861356
372236165
2624230157
1544420370
1088772632
2800454256
163481612
3713086097
3135328174
3173765037
752571463
1481110205
3361551140
2480561920
247396885
2818346362
292924143
2720475760
4188190987
3820787182
2156303044
2709480002
1963398140
1695996286
1009585816
2341304313
1286130175
3319098318
2940698272
2554338140
2256722793
3708263876
2196865872
1103380078
1825803470
3321429637
2659778399
1065751158
2283232003
3627442549
766055104
2352220408
2735475230
2911819322
2519801257
1606078649
3316619891
487435960
2201862800
860183486
926698648
1124104469
3710640424
3225607244
2201002080
1995639478
3449199719
6275817
1900632547
1354002751
3143389825
713604696
193230451
2840592534
1385866989
3119170208
2568829351
2601797344
2058189151
1710423813
2777752404
2139952513
1546840779
659481868
4154389902
4001857055
1627806824
954869370
2554441642
3222328223
826765481
317960788
3535180862
259302181
3075474756
1842854880
779756318
876790039
448740910
1111667106
1951145567
3343203354
3312549020
3391178334
2904983127
2727044882
1602510339
2124507931
591895706
3730952741
3545483032
405753885
1579999486
3562294967
1216141520
2407098345
680596887
472968302
685568095
510353477
2306095802
2416180527
496087612
1043541300
3406926333
1226445342
251068186
2789015549
1994824500
2667773089
631961327
1362445859
1403983988
747097437
3414751984
1980413037
1818888979
3384267830
2846796946
2431203807
173257638
2397021010
2826627978
1480460222
3051917824
3582725142
4052212429
3317075600
921004344
931798566
3988052367
289308696
2538092963
2380737640
1159498311
3053702748
541934549
4025533952
3793604008
1819519138
1534199715
3073555797
3981820841
742031470
275990307
2121933321
3483356797
809830021
1213072809
483673604
807046810
4022480108
1296072650
2878257769
4213302453
605889512
2831497564
2218086301
1481896643
3338886143
563802995
1066800711
2945193977
308381172
3250433381
3082641482
2884171723
2087031758
3530271430
66633675
868643056
3229333201
3709823339
2094268977
1925293404
3578814338
2845420650
3156098079
3485005379
4140908198
1121219351
2632105082
4106683675
2620146754
3993829640
896406888
3410670233
2127405979
952358161
3763279694
2078285490
2539768887
3920671303
894620625
1852156571
534081498
164861696
226728661
1307965641
2404875912
3798582736
2201091455
32499953
2689804680
4226727820
4008168758
3018824711
1266082398
538920266
3899792285
3436344386
3400424144
1492866910
1256274074
4122218773
2502394337
3971757918
746566993
401888310
1699645912
1726047774
3906626600
1529765786
869327416
2384962996
398415043
708809334
966475464
1854600564
2436618249
759402303
4007366284
1313380083
1889173277
1285109418
234685129
3084716806
225057892
3000871084
2393770756
1929843651
24690564
3354150522
2866567939
2344792191
617724258
870560392
3685999561
1196172238
2428607266
3776957580
3651196061
807529605
2664838699
4164793980
2639305986
285200057
3873282847
3810185099
1622274751
4024617152
1122180070
1238612527
2616181464
386407471
3409266595
365254685
125255571
284052442
3646943675
1854785866
2667043187
2756646614
120531157
3188223722
2556117566
3677060728
733101779
2924734580
1859152634
4290626390
1630848477
667621787
3653469163
2558682949
4427094
1393369430
3554803350
1865952344
2729289444
2583060952
2484636608
2396721382
545022828
2745400215
2509511790
1034508164
2449495058
1517375304
2411979237
102727942
1405372987
3892183008
2068860075
3002683009
4187444878
2988763796
2469006723
1211416907
1619249646
1711518681
1316886132
336468472
2681746561
3958848356
1740085442
2617562973
270690731
1788780841
3598975986
2882715280
1278048018
1288915038
3587246537
1249300197
721924250
968151417
3687553612
3240904690
3355289194
480123693
2749360321
2574363531
2040211685
472795504
633037739
2617490373
3652143536
2755837047
2588655313
3554638070
3242613169
1542788023
2075977527
2235638706
1252911373
749023717
2189168930
1051147727
3446786601
1055930357
2805443863
3301803617
3797814697
4222714910
601517276
582025405
1669464946
218545107
1871855220
2710563961
1747598763
1531755979
1154307110
3387280233
1289981111
253864441
2620858485
1685020323
2792948027
2455822995
2948420392
2049680762
1358622238
2368210958
4136426819
1414914694
1655956099
3923049759
705884171
2087425945
909226191
3473072571
1157364997
3123282891
1698719656
2828014870
2117383415
411936622
3371129587
496581543
1357580004
3738387993
2005473749
394015521
1938564371
2524569504
3432740018
3218349690
3770974728
138097945
1609858608
2122342120
3498102152
1041713112
195004211
4238054366
3186489496
2152355698
3890880737
612670994
1601778813
1464919741
1298274975
517382265
2949706173
2380707021
3587475217
1383136072
3873497115
722126072
1498199581
1802326259
2111108254
2046318034
4061673960
1345093169
773544842
3074352
4190495446
743024885
4049701220
2322153768
102809741
1721773686
4287901169
530931214
4080346866
2823860775
3521067062
153059448
3646071849
3702854846
548527224
3495242298
268700312
694908208
3870722621
1040456553
840461283
4182849202
1541206601
1529369947
412751856
4119067065
4165928608
1895766436
3688472548
106798841
1987901321
117827609
3546338339
1434339177
3473945992
3908534992
2600257363
1271026748
989360483
500427294
163367513
2437310185
845323549
4023803798
954952793
275144227
1874520829
3850134287
2165800889
4055981792
3937323142
3414407070
2098009374
2637416021
3710511487
2816957335
81427820
3185129719
3227139820
3303445135
818563785
957387899
1269692178
2885475164
1516981402
1014365142
2043708790
619182098
462066819
786746940
2209258462
950266374
1261728361
3078401828
3765839693
829354702
79001971
3264839233
1268014346
2563019070
2677766404
1993890953
3166088344
895715180
3031663554
1041673010
1825097150
289920940
487254417
3245345711
3572996736
1991164051
4092410519
3930283702
2930793508
3960784119
2397587513
3761030203
4053826349
1027056620
2294883611
218668661
3635784033
1897160903
3130859555
452234712
3676034758
3521592094
1034996853
4031607576
3024041120
3878532294
1771174008
3115348012
1523528820
2091158994
3624646606
3707430215
146245127
2554906522
1663850847
55080159
908336222
2220336048
574648142
402128297
2642618046
3394150891
1876347393
1101308314
914495149
854164575
3820583708
3912024807
990747886
3324332898
1475859333
3131899909
609331848
3460315272
3822871393
2625781160
2847699391
3568815270
3791125524
3091830983
3338232088
2688993490
3910381636
2011133077
2985765976
1005202528
3594440406
2170647176
3840066180
4024515558
3217418734
3240980822
422073826
1168667704
4248097010
1591645426
1215649525
100374891
727291527
3276946578
2864084356
953723861
541166481
2544240811
3105399699
679209482
4130946870
3308837873
738792295
1566759392
97420762
1956894299
4264833925
2705930091
3905711395
247814173
1737078706
4230809088
1967212790
1035666603
3761409780
3092088629
3363481463
3907238587
597617038
1562590174
939809804
970497090
662190599
3027231505
1621849690
2574846582
665858595
3341516834
377308997
2984355274
2607858151
3751236262
1992778227
1785614323
1009195416
2217597811
3608581065
3988662504
58829755
2142100637
3543593067
2745995741
711665430
3658634873
1110886335
894905414
689077932
3717826973
1063365609
2350569946
3118785220
314636509
558132303
3516184972
3549283554
1094935119
2175671190
1839214226
2969228491
1931528519
984222115
140367714
3394831492
4069748314
1669777306
2368116911
3642131794
1192940126
1439639264
614109038
3604924347
980596328
2874291996
898899926
4204690562
3566672587
1008421937
1798563931
3196359854
1606828062
578352196
2916273329
3707519363
1685956918
3069575612
638643151
1286861702
2860062246
2422375739
1036625640
1201036412
1035372613
2328416425
2618924914
1188260970
1668366376
3178656297
761247011
64378517
2804465315
2180595233
389483758
1967949955
3533227211
1881031734
3296526857
3609441784
3971830774
1676793164
3713022696
2709966584
1070902456
1942061704
1259115586
2363753674
1398493415
4162395217
927805963
2464860146
4044292247
2361832522
183661687
3934505014
602717213
131570520
1830288380
266271129
825280015
2224513954
1226418256
3110570849
2773983041
1519704971
3348405606
3805015572
1193216200
580589240
1348942452
3254310006
562299642
3082380048
2376999407
3508153996
2076495211
809129397
1724264844
3399363739
3730566385
3886856975
105680447
2771468072
336010912
1960618177
3575486015
2613123832
650405325
3000462513
2069294335
628796177
1557135886
3102316547
3813896246
4257818295
1067939127
3751935261
884163543
459012718
2567405918
3267996836
3646080792
3089029373
1928078807
946992764
2035129454
1295954536
345285431
1524985291
4278297742
2485697013
125533268
2209472758
2450259565
2240437543
358576450
1252221345
2621967936
1498435780
1178370647
2311602866
3335877243
2309456594
3830510119
1500254798
4178513365
3472631189
1998078087
303998169
1603534657
570272402
3360697997
1319700729
1597942262
3163931022
3790978445
3860565650
2737679719
401890446
189083164
4072720843
348056394
3951340503
3451716112
3425143046
3683419284
854860015
4078565757
219930603
1618336378
590375833
2203456953
2376735837
1318489456
962952924
3383924568
1730204289
2370600493
738233084
1269432368
4044148926
1177866148
4121952126
3573158228
3342411959
3794526220
3445526311
1839188764
3233098833
156193496
775564028
1591176730
4140657587
2801469374
3501261379
807369765
3255679040
3771539379
2876147839
2905847378
3175293597
581106668
4217400439
3725663732
3212704944
328744414
917806895
183890595
3792033438
2651505982
399856876
3176969521
2120974795
3935745025
2507340339
3171232181
762973918
1629056091
3950461641
384454020
3359690425
2914094531
2433818292
239821617
1745506948
3048863980
1101970999
815983763
1701145506
2748305356
4076508633
1169074367
1495083704
3771822744
3756151134
1433180681
490791341
366641861
2157242059
2836988166
3390775204
726262024
2390458981
3408945036
3090921218
1270460246
54958513
2205250991
2171451501
3725151716
383900277
3688252612
4257052106
2371116326
1115305652
463408481
1182367294
1106821075
1065214133
3444002907
3039667245
596874462
110577404
3112947909
3819501629
2617261437
3518307406
3916008694
2834680658
1415470117
386224560
2770192003
509783698
906547851
2482116199
1998978624
2658955874
1788722852
1026285049
641660738
3239061606
1492747173
1318934313
3194269918
1596596612
2872623363
1081308414
2262068394
2451107809
1253661298
3390858940
118270587
2993119713
1612148457
3880033768
197667940
1524927018
1412521627
3487157063
2584146621
1637595552
3492006910
4211532254
4261625624
3772416362
3192494023
624562162
3208352332
841921259
1162011627
1159906825
2808917613
3999555016
3488222879
2477373927
3197276881
4002009831
90028888
2331956880
1307213836
1256825965
3506096843
3817689419
3740465396
1561502910
1499291116
2500041116
963100061
3184648576
157471730
3679346505
1749405276
1177726360
2301153360
765040213
3033165255
260282666
3255513788
1146383366
2758941874
1917941660
3718781996
422139362
83597618
141121171
1138552531
3842441133
3663849629
2866317811
2646821415
572087916
1910589831
1894424546
3552317404
2295243108
1392131270
3022875588
274948329
282278426
1164346222
242154816
3163922050
4078164307
1394941908
1488627256
2138007835
2881318933
3329315214
2875062228
1146004074
4013830052
667589232
1625735543
852453989
3124856964
1055636112
253760967
3033473855
1152723836
349287234
2451063976
1902865774
130419344
4089104155
35512128
1409297063
3135329798
1663202545
3099244532
2217441759
1488224097
784826072
1287511656
1808383306
422197095
1554375974
2553521026
3002570591
1987211038
922413423
3026753894
1125312466
687429578
1178799496
4226519163
1169673879
694837488
1429934215
75995235
583249380
2964601941
1810035904
2823422982
2203264558
939777278
3514038728
41968775
1371805995
2042982448
292266613
1773701452
3048449997
1839557233
4085821148
2008909049
419246668
1267891076
2177310800
77440628
582965788
2394461040
56899432
715423970
3193307378
4001751929
64779769
1113711783
341853890
1688526116
1240308247
3852460393
2377682115
688140854
3734284567
3949775117
3514594152
3084047028
202236302
1846881975
3406421351
3329880036
1557579090
3341213645
2734484149
1336474185
2527794296
2389635059
3241409415
2336990122
3280588628
2650320400
3486102098
4086291467
766458235
219262278
3072126923
1105384881
1553453762
927514109
2697581542
1844445217
436230719
3009998552
4105093338
2963672352
1877463879
1535087805
1575376410
2201087668
2777185901
1222262224
3268376157
2684343328
1147264137
3523656567
1292321430
4273745899
355380909
2479824727
1734941435
3612717273
586019888
1682160468
3105136385
2784447215
3034247590
1571757716
744731485
554708082
1400055013
3634371196
3925112324
1112328167
3363065601
1860420016
1504004394
1134087444
500921168
4169425686
630312518
2602708988
2598752357
2396098770
907535627
89464294
3373132056
2320964426
3050483568
2061502550
1913879931
2246186019
195136936
833659665
2666696421
1468058690
3768525097
2784025884
2565299691
444519627
522931368
2366629820
3866127201
661257507
4041223450
3837342583
1397323868
386816497
3147638708
3822809616
3882911538
3262723864
729668330
27497614
3961706359
1123559869
668936307
4185770805
3957058048
4011327814
3663671618
3256256394
2874704355
1671876184
2883147406
2539354706
949460340
2024727512
1147943114
4051342738
3637870152
1149161706
2406791596
2279540879
378447669
597911028
3012426025
1412908239
3145717584
2901063066
446061174
2423323669
3483767020
3110080707
1839954952
3031768936
2621477793
1649477521
2502443155
2037767692
2865357121
21719916
3148662542
3630017414
3271539427
790318583
1209234348
190330780
4007535067
3318611735
3850036452
2325049937
1990481343
3685683443
2067659881
243305963
3838695523
3410973422
872143665
2428959728
1469404
779605933
1989206641
1247111972
3565031040
3694652950
3977884318
3009007244
2822702308
4040829518
2163420525
2252297837
98094299
3236846522
1522168787
3149165644
3053856892
3896545790
3813533188
2359744750
3250919708
1071456000
3284674167
1883337817
1901322318
3742471652
3850900703
586315985
1311637226
560710672
1881854258
2590463706
571355906
2645998889
3482042278
294371131
4126573293
771740179
2848489134
9282552
287320640
3935671028
3913215744
551170902
4262047182
738447153
3062510736
1797120731
2255473839
2383911790
2055843221
423976522
2974713653
3890103697
3730373763
2742983594
3387171319
1352949951
3428057102
3258304575
1454184905
603503452
1796922669
1880643214
560411073
4188367118
629666067
3843290972
873425459
2881075897
2746801974
2589170862
3638625717
1367359363
3456796491
1212511689
2488959515
1183435217
3474590279
3902272563
876127354
547318088
264620639
3023424175
3195562535
3150999756
908683016
592242500
2119571129
778596226
799130358
4031347766
4199491842
3556128721
583793952
333118474
4246823961
1128651356
2021947577
3337295237
2429142866
1449371400
3655980088
2158607276
4219704643
647835900
811135824
4236385733
3352120768
209667994
2758604279
841067603
3194204638
2698574986
2684566370
1534466589
3913466611
3165888431
3409602310
4037761063
2410201491
2036187951
275732887
2871957174
1007824532
811939950
2520592908
2225948239
3057437450
2039877394
3347207321
3021215927
153393738
788502784
1297833906
3029466868
2064046826
1743415133
254161933
1032792393
2539654590
2145864333
931067296
1237125437
653194203
230773813
776077982
268914836
816746391
3951547452
2643328125
194768467
4275839111
830758340
1841153522
4091811263
452339838
960871989
3346038257
3247519069
1287153811
2627275314
344032689
2945384691
2652954907
864784545
4245651110
889808772
1483396266
376038311
1802848900
208575063
68469013
2680214440
2270300737
761924592
1792764530
1734111562
3129023763
3521800724
2495336469
1179324017
2887853677
1914481096
3404805267
1457208131
1217201413
3362584657
2533038018
4036413733
3060063440
3431450933
3231005366
2890713531
1585515266
3076181303
1371381189
1678282219
3942855442
34862174
2477818755
823698650
1145386676
1729982702
250244037
1812586732
2498114780
3727208812
2351437729
2913489863
1120046784
2686347677
359171947
3456191823
4176864726
640584070
4092067513
3898826411
2698910673
700727660
2921462623
1398298941
1629048999
2743927765
282280050
2846903981
2776819341
3430317956
570150728
3279392478
356023799
497919872
718726773
3136924406
2593650332
1335798541
3051358670
3871634265
1564177008
1559690672
2329409641
3785751213
3338884007
2074299950
3015160730
2225639639
2164996536
668044941
2042461431
3877423099
1957693014
418246416
1667814484
1686924927
3381582455
1201987902
1030913223
2495977224
3917747792
4007925467
232420772
1339462778
2108578646
2245557996
517865344
2936731131
1835633470
3304082358
4193754416
233868015
3830630140
2815880894
1726353098
38954748
1246129863
1685657545
1873171619
1715525895
1197613587
1963309277
1534439503
1392931893
3322070676
2498167101
3067060899
573573354
4005918784
3117180016
1198714292
1804379851
713530188
497193530
391811288
136748991
560320301
966097824
1892011428
307070185
3200054680
3339866343
3660588524
3784058798
673787778
3200746645
525818309
263296949
3381255456
1503642989
1194814084
1976117217
1257873894
281610102
2601425087
740386391
2513853067
2645719540
2774033739
2353342333
3518835458
4144335979
785617723
788757240
1753970050
1504834467
1048322278
3999838125
56481918
1004706974
512708833
3787479488
2341549484
1443281826
1485415168
1654278295
700624129
2747842100
3022575960
180456918
1187947186
1545034010
1013576767
2990766435
2329064499
4179589976
948450889
1919786595
3760964667
860771635
838999371
2764819258
1886844094
55597616
4069879131
3760919182
2744165616
2719102996
2168334029
26920260
563574087
2327962596
691636279
509965184
3588639096
1925876454
1929581933
2417553320
3860545657
1440456349
660246148
4068624480
3205741437
1809895888
1312552146
464441743
132930809
772150403
853706987
636099159
2835415972
1438357499
1540213413
1757606944
3438334322
3685469373
2478341396
2130997389
3667273879
4173554574
3802243213
1103028100
2098309258
623922804
2462348710
3342520873
2629579518
476102322
731872563
1812470498
1630922985
3573490639
1995340106
3354642516
895101568
2298097551
2108647742
2970234467
3242629432
2961101559
2300481447
1167645493
3998750662
100220492
582577495
3660227119
3844850463
2149049107
289194598
177181429
261947768
1539666706
1621462822
2916286061
365719365
238149452
1462769454
3728832187
3759403069
1388730120
2153503058
4100574021
2568070483
540233162
2749536424
2283146928
2845961661
2976215383
3385021316
1968672736
3101846512
2139600308
1027296379
3531072251
2972712865
1107839270
2244346979
4177778022
3156724677
4086603570
1814117200
2194307782
1101410193
3407440030
4199216280
1205281535
3955805306
1153602670
2038263503
1635278646
2716632116
368989671
1916283850
691667153
2393732790
964238221
2889411743
938088565
434767411
3894515752
863613602
1704261127
3971994145
2602679738
1295564137
3431411115
4052270389
216578697
2247332040
3293482439
1340401508
841089307
2758273748
3887474431
1890562787
1220362803
2995834339
248400697
4245012007
3336925144
4188830345
1390513306
3745901797
1695004750
20411035
192789383
1057709329
533761818
2481878319
3547326372
2251518946
741188865
3117450650
2193842902
1574751947
72149513
3138905199
868793668
2908901507
1654231157
591532421
1024051793
2674006525
1069680588
3104755441
961845410
2629405295
3534881234
2272729863
45447709
1300448334
2526572172
3585817436
2944073703
2585733454
1138786367
760655302
2586966629
2921945446
3526928496
1460024153
1537571643
4051580618
2089522916
1556598378
3454260047
188440558
3137879201
2262286223
121279429
3887970185
1176226538
1571981212
1647676419
2896256910
410169926
2870404775
2040713134
3318003507
1777902969
2046811908
596553130
3645071597
3017577352
246133064
2051389213
3548068721
2911612600
4120370761
3595943532
3658050228
1387292303
4152239643
3515601979
1489653227
3661262288
476089363
1156860016
4141581706
3193287554
2927120583
1222487344
2660889672
3077466857
893645324
903009247
2007087640
3207791497
2055156981
2778843683
3956291888
227552809
2267551706
1901585888
2739081222
481483982
2776423501
2973873212
2287411789
2751873211
1542980389
3219851420
3282669819
2671430006
1968721782
874771109
3172383300
1144662213
4187602838
3908485947
515588511
238243756
871994649
4138798211
3522496192
3046272880
2851427028
3051396836
4267846555
839252118
642365405
3193015041
249368679
3195575523
3019097224
3943768767
2844022423
3541584732
2553265259
1433269828
3132415969
693319495
1585061466
1441978101
1745537850
3117797415
3482496106
2221725047
509901783
3163277507
4101269489
3135849390
2212335917
2879524895
341610371
297185728
2194927089
1082710144
3150489590
3781160721
1122218008
1927844459
2943643230
3300069447
770391254
2092035749
4234077712
2478662727
3976606113
3591429684
3905048738
1741389109
1771204655
980456283
4263390696
2557028983
3408730995
2675998113
120471288
3227942322
2092077731
1076645578
200311590
3100493770
624981556
2510485211
1403010823
2582420197
2939332827
1464772377
1773990257
3142567272
1126582925
2162020617
352344952
3099941879
1257946494
1195124337
1634369137
1750707320
1841930277
664311636
2520161010
3847833616
2515719733
3630126329
1004679887
2287075875
3943727013
1396559844
455738654
3926977110
3624074664
3525294298
1057756467
3819065744
82047156
3425894880
4022707107
2387855604
1511143806
4242922299
3050319940
1102061800
36371195
1524807280
1508736299
2559077136
1678414688
521618245
3826748075
1793521746
734897441
3316806846
2693503323
3508099539
1053954549
52394527
365374224
631988471
3367369167
3557541615
227017181
23862372
810729190
1885538547
2429164569
1013440766
550043565
1364537646
3905600857
4041948395
2188615642
776827878
2634441841
1971519632
2112863842
49823649
2033963894
1711030162
2065415802
71517474
2221214654
2573552085
622018199
2942072688
130174429
688500607
1681072750
3165586895
2362317481
1886798580
1629128947
585720260
3695587894
91821018
2242171741
486030356
4264073433
3239998486
2045682463
570984133
1051822888
3199530188
643095279
3985010970
576556535
1455842658
3044382658
1981771162
1995071323
522377597
2402107085
4139854857
1079247530
4124352257
1570336133
3885539180
3420042872
4012591636
135661471
17954312
2700475803
1739762202
3091213328
1037673058
2271648039
4114075577
3640016140
3571340607
2317912433
1942359254
257219594
1078722725
4034465295
4205769110
1220012477
965792727
1171631061
3816443741
2864481820
3075948636
1358569689
3338155984
2688553818
4119853304
451177839
2117466838
3512742381
1818553264
3989951532
561851026
679068042
3544402889
1363007206
190748265
3425232166
635078857
283522225
3550826498
659226101
2585089139
852094691
1398778432
3808209518
2871107534
2180880
2748920904
3885747780
292264733
74366477
513785472
1573161326
3332487655
124458480
1535073165
2924756255
45001200
286608653
864443220
2204666317
1036082494
1806346233
3238088697
3311226925
860292372
2678563978
1551632610
2647700276
3672904696
1976042708
2663749555
1956516119
1822177200
4144679213
1609125202
4075097419
1669817152
1839936553
3107306468
33589380
1998047469
1630062238
87405261
3431834297
2717636156
2604482719
3702997939
3110714397
455032818
619160452
382255227
1907455783
1555100436
1180970975
3451238473
3754079626
521872616
2318493319
1510735491
708482620
1544438513
3087665553
1435935437
3186916210
1282736374
3656194384
2573530125
1057883809
1753107707
924243804
1019381608
2615547774
1788107077
1510196103
2587634499
4162310141
1248237657
208707816
1252127042
3246362709
1105246972
1431989716
654060107
2637953785
3358568244
2130734302
1201366914
1990848159
2562828356
316415709
84572493
1969524029
2873235379
3618522086
4195906129
55261446
949988677
3631275597
4291862898
3380188016
3120913151
1583492775
746625494
2957802032
3940700198
4060001738
3686017505
3781300538
3219324735
1510225098
2772132922
3314989509
1962023440
2742004988
1663080899
84349253
2151714716
343695094
766598052
2316369006
2654507306
933874317
1568373312
2102434358
3347550526
3568481236
2353661757
1201819091
840581021
4120188962
2452444031
2418390456
1511951692
3800972044
2305814316
1127527323
4127304848
605789286
3399396521
2288937329
24055022
2247753285
4001799066
3350083438
3025559084
220487934
3442871781
2870197769
2262930766
114885927
2180617391
469295094
847241112
4187384981
1650327388
1123859497
2967253137
2904053596
187589010
2281420248
971421693
777766609
1400572214
2484169849
1187571170
3265068169
1401916012
1402847679
2431741059
4116281434
1727575194
3946567072
286178663
2370829657
595761252
3334933073
17467473
2507836121
1681688496
2371944263
3642015560
1444372849
1097929379
694327350
1385730960
1487143670
347015841
3278500629
1698919598
1692283004
1992523857
3293868823
1275269991
2227300952
1085916565
3577723059
2130928321
9138720
2329963157
3750208668
3081933567
1656244648
2932031923
197678792
3988591528
1913008133
1160796567
3269538412
1527748480
980494477
657655076
2918110973
2027360140
37188308
1864095104
3041666352
4286688017
1423216304
1936955664
43532282
3904625812
4161158709
3473499256
4289693071
1836078554
4157178808
1525253790
1403951462
97453289
2606472911
778211494
3924908850
1799625988
1815613518
2768196598
3893882345
2541555634
874420555
1418649651
3153899200
3261500343
4228463386
404523073
163398188
1697415960
188168016
167107654
3182921698
977020954
3961786051
2158472871
4270301399
943974979
1754169735
369036552
906685760
2586803030
2272367090
2718583887
240979858
3626814298
2467004056
1058405025
1893591169
2896694418
349817678
1185737314
2200410115
223260549
3549902634
1352477752
2971172942
906847479
3661808768
922030087
2748138197
2668699118
1914221285
285288949
1118092878
29821613
580289583
961365863
3073906350
1440587194
3061381491
1202158337
1801955626
3577710299
884675588
370939561
105781815
4162500372
3902608505
3187255684
1934248585
2044486058
1486584743
2529822455
3673708567
1345385506
1332808098
979188901
2754979604
3070566977
3592208831
2176818806
2032130294
629725964
903537299
2235415437
1142016627
1428443593
4113100788
2674157136
749314430
1065940475
3770853367
1728097892
2630138701
480278377
4289072112
3072321197
998292053
1721354263
2567986804
2819530321
4097343562
3571522378
981278808
2472126388
4002033187
1629806215
2829849010
282006140
2488476435
1162855827
4019663831
4185600142
2377187985
4186947444
1434306394
1722520078
3288312912
911408493
1708871187
3001747810
1608204358
4131647749
3899492628
1946854959
3391300008
1901218816
3862001844
2249440089
2918379755
548011619
2825084551
5560070
4054289604
3166124403
3095509603
1012583835
3218937896
1042837173
3746057820
3555830972
2155017292
3773386222
615717832
2653407055
3716465316
438814500
3540148539
3041504888
3211682535
2773487259
1924178826
1927557790
1339028744
2047906776
3430588618
1858364259
4135771453
3528722080
3932052049
2180551855
1554430715
659184120
345510580
3318437285
1821797879
828292389
3567667655
2479585451
1324423206
3913130668
4064657311
2210663525
1788025533
2295642707
2003859346
1891984313
1805129521
2270295326
2909253684
1880690635
945810742
2686485841
480635994
3746488066
4236492739
3421428339
2397563930
1412490753
518253835
1101571656
187412936
2848879533
1218124164
2071779798
3719199737
4151515436
1678189540
852927840
2364329347
2527963363
2579901470
1617132397
3802359419
558379127
1370789223
1024527296
3889121332
1850934476
904724534
1108035424
3836589126
2568598536
785403199
683696273
1673210755
4180152719
1710857847
3923625688
766930178
676146439
1128551186
3159173882
1234861335
4287977301
1909460358
473923325
61184600
2521571741
3640241545
3240096548
3780331161
1191206213
2707182862
2778397174
2942452463
2877168370
903243083
4288561719
1942916784
2597497736
1032028085
1247264748
2027187569
776707885
2730656513
1043505242
1207131653
3228879173
2351927843
3571209734
2833589123
3910875510
1722223954
1162056885
2779430208
2169258149
3611792897
177424493
2256301519
2723573495
3396079079
3711542897
3571168264
2781124304
1723045111
3068271944
1501647613
577030613
385452647
3464257206
493767173
4081276653
2170262188
2654165952
1792924597
833474363
2453048699
3765716395
3360393184
875562276
1881643977
2347601149
24514462
2526677583
2232098251
3666535033
492467009
821374367
2063578357
1182283558
1698035296
462487865
962609918
2250554695
1669601231
2952353155
3922454489
2487018851
3758266532
2264611874
4095542460
2863423294
3836705331
2040792827
57883421
1084300766
3100048914
2688631858
4280970415
260591494
3871646741
1432274732
299874664
269445052
912731985
835297424
2725216637
2099385670
2997657115
227483713
1526163298
3471723304
2731488010
33413221
617893070
3168811687
2420994032
1738512736
681856948
1084641864
1155797988
3611588056
3477263179
2469152208
3348176698
754432946
3251403014
798950212
1670436488
2097544722
3919519899
3412967145
2707404706
620563806
1851321343
1648486213
1236960413
3114990394
3151313767
738864668
1688092367
370808972
1999744840
2750776435
1011492556
1419441273
2378836567
2121079951
1496890474
3417727590
608030089
3089196533
2233975485
373125879
2808674066
2315063402
3356768794
205157649
3177597801
1781469172
1815831319
3338403035
1351985729
354587350
4179279496
2668419512
2308125584
2172980375
946671234
775691086
3510323595
3913559035
858936155
1284904065
3517746599
3314409991
866504104
342382199
1916919449
3469435392
3225747004
3711938708
3717750614
4272757867
2748032814
1105671551
2072997906
2350956557
3862481363
409875738
4114723652
4082057196
3519587775
2099331213
873269407
3953773644
4009147335
3347917115
1636732954
1843058098
92458241
2407465162
3852709352
3016691427
543677633
2952992286
1751646079
884369124
2279745948
1097333853
3577309076
2885291770
3278976360
2620949484
1421084188
273316010
2664481081
1497545839
1303854668
2626901434
570281317
1385494988
1801302169
3372258605
2469763968
2692335912
2500148151
1308650058
2163518815
2625634279
4132111005
641680533
2935472408
3732056751
4111164798
2309739987
691854335
1080106341
1013188304
4033875466
922762154
3684165421
3048392008
368713597
1690264045
128113517
2274477019
4026104243
1983254493
1582238153
484467134
3109539695
2019772368
3114975783
498811238
3947040696
3011725146
822187948
1937654664
1042902482
2937230160
518085052
1204324632
2897631298
902753224
437721597
41251661
1842905549
1337151254
4256180308
1302504090
4189772665
1174340048
3807910117
296482741
214733961
2704179914
545110038
1999606931
2629312644
738038554
1359747980
3893025130
3815517486
3983226132
1303482411
223963308
1528213387
800237645
784050713
3480822033
3156399587
2068934554
1303722427
1443243405
4282257848
2567260433
1131236789
232772949
1565922256
2462726151
3908057581
2602619869
1352060209
2967371024
1451920775
3945201627
2406379294
2076088321
3855162089
613317445
361261854
3173338351
813363640
2973083214
450064885
2131990576
246047704
959980396
410743720
146980441
2577728111
2817839956
3337462396
3836886846
704290274
570873595
534212343
3651067124
1484015317
340495765
1529121244
4068710096
4280307502
652253593
4077118514
2023730536
927811346
1109580987
2699145020
4084114321
1485177317
2410575599
1550408577
749615454
4237921613
2002897003
1586141893
761032742
4237507630
2740483236
561011981
1068796286
1891737262
4243610191
1569313951
3912435002
2997847602
2881919841
209744382
4153910383
1529545822
431462671
1699014129
1876781171
1128426008
4007785678
3808501884
2638320346
2235647877
362778195
1042633699
121676665
2025090313
3062859410
1868296366
2023251046
3043683658
982400962
2945624223
4182163189
393091373
1236884054
2029480892
3531999676
3037561046
3463296516
2197121866
2362883983
3906401707
4031280833
3325761999
4059210115
1268025425
438696898
2109023503
181907694
3042281900
4079150204
546341135
516107620
1080462306
1721504932
1765432596
3107166395
1146379863
2586946606
1331637155
2716054535
1542132657
4206627665
233610113
3805380765
1580858325
760992896
470720435
3258531347
1720428519
493676658
859007103
3432607549
3412977741
4085933594
1275553385
3383612465
665768108
412332462
2708949558
3245567298
1398386408
900032931
2863663083
4247223304
1757156391
857436334
539020237
122127189
3194279118
999614148
4252174945
2827960385
4011720321
3068865561
2023125868
3892164382
3556106790
1296032804
213383412
281880707
2218333153
3924553368
1900136765
2843546436
1534484760
3012455276
2699253707
2110405495
4051295600
335789523
3549058405
2511314800
525261006
3026814019
2170663440
963412420
4249084758
2115740017
1708629775
4085015113
3840266093
2595763538
2006486760
2342257171
1862315450
1880859163
4036046945
181036152
1973669408
2875426880
1257272701
3125004044
270124228
854313336
1008832387
595832228
2582666765
810714550
3251760887
256366422
2834608030
208936241
300762270
2257405558
389285468
1886204764
2795733630
3532798618
4294702701
1184671469
929028314
2077374102
3101118262
3047004889
3217995576
1259010431
3700761180
659320149
1977537118
1245218219
1145159875
1170784982
3585742928
3248036782
136952464
4167923984
2513549907
984169309
2212159786
1775744250
2949655276
2116462798
1277249076
48616391
1570904544
2483839318
1007368852
1773369326
393639733
3365448072
1860456046
2325643554
2528671022
2705915707
960123944
2369917785
3541403218
3906545028
920279910
3682504136
142301541
2789678007
1087485455
493785572
2887180139
651175017
1852568646
1013972578
2052278956
4008755056
439806064
1612642359
1793002410
3378884320
3707740723
4099464599
3047739947
3224105486
2412999540
2671399161
3587871029
461425808
1258220631
1277178128
2195879947
1675672890
1712250434
581542354
3027171636
1644791074
2127583962
2360410741
2808726644
553068188
1766961412
827716716
3506621648
3890799165
1088255204
4243741037
3970318221
1062811867
1577285087
337989740
4060123184
4060539274
1519305627
3821747616
469725311
149747871
244036093
302104189
3771715710
3393823920
2454310442
2334439095
4208844913
3264835730
1096019334
1976649029
1675039199
3113884504
2994150839
988138586
1403590028
3075057498
3200430498
2206068076
1115741565
98719018
2155952491
972523568
3972635128
769828255
1329628791
2247016091
1194507136
4144454349
3318589805
3493917154
2376594652
1833792266
3124097840
3255484794
945107984
3623039722
1220933094
1185484567
11119712
3211991106
3356066291
2226847152
3729903443
3985434152
3553666813
3843746680
205081518
1782291696
1092990696
300382950
26088564
2159836208
743785435
4085025965
2025740779
3096185020
3991870777
3010937283
1769311129
3664379817
482235559
3115711325
228613186
4015022925
2496674571
2941540848
3714891243
1098740796
1802658442
2142191152
2470895321
1483650380
4247886473
1348782612
668742033
4276086161
3789157548
2370854864
3524945624
1003357792
4051223000
3717307864
221147059
1500993871
1180406324
713188834
2441313640
3763887922
940521507
2646727140
1489502331
2569918751
1633731658
2670483729
2599004593
2398406506
2589755536
3655239391
3490999055
149515432
4216328984
892748290
3014948314
2408204207
3754506311
3671043441
1014511767
3969063571
3700623043
830941280
2773313035
688055977
3468480625
3850130755
1700720700
2383670151
3432064630
3725137105
924452462
2772741121
815781942
1171097341
338500133
911337517
2478045527
2208500989
864345128
1262002527
3453606333
1084901447
256720508
741742637
4166977934
1732057998
1609855076
1657261674
1842502447
553362631
505865318
3081274414
3321814596
3552593449
2245020488
886520523
3639796915
732471592
186684685
546321112
3237609121
252876664
1803678972
122809642
3584163442
2862172176
2644760729
2966891732
2998334412
1662784803
3664835497
606007341
776417428
3837239336
2601989682
2892200650
1654605294
398903506
2567229815
3542370943
2840330816
602452247
3471062782
1595810401
2585492014
1928968492
1923356045
1531773894
253296030
2903868293
4268908584
284110402
546380981
3181113305
733628180
109061291
655599831
3425115932
4062788822
113091861
3177952170
1100313218
2376986675
447067349
3148254227
3305409665
1953649457
2322763905
957400374
1137724367
1625659155
3768826861
2436312953
3818312287
1253256288
3841324590
1558764673
238256487
1825227995
2690925210
1932532530
1841560156
1029001099
1546575813
3998973874
3919912179
2026176436
2731495301
670554213
2859797024
364987868
973427950
3067164658
454042906
1312543174
768404821
1979116603
3818065236
2589889913
3311557456
2108852840
3982205829
3029844280
2319655347
664003036
1627719840
2492712842
1177419668
191234621
2809044699
1933596723
35452231
54017903
1773340075
3402261560
89015649
676669336
2435915717
1402871006
3678367928
3545009181
1183124254
90895274
1252865888
2632482978
4069272811
454661986
1570085551
1563906573
1046684576
232520714
1563679801
780506498
342348020
2501530086
3523509459
1784682600
2603963610
2860779389
2244361363
2828463713
1034555529
2265436563
2155158989
3241240405
2749605492
2765069613
206528534
3498120295
3057514065
3125452689
2966521412
739362557
2673156373
3257091394
951537515
1873841851
3339225589
4131996423
2885598689
1902689671
3597913701
3454568676
1390678330
1284105350
3086209308
40781085
3068578892
1503646748
2452009998
2391272761
2713759530
829857775
3504854895
2820681469
477084204
2887554276
424991669
3395746924
1865560292
3839706655
1489674901
2932246220
595824681
843613190
3051768837
1290681763
35757072
774398270
2558933559
3721057205
352933356
2995465643
2881818275
3683072262
2759326805
3619584115
3623987453
4254310366
954798365
4132312570
1188505914
1050310591
2585483099
2802259174
1613099918
3599331695
3574320484
3304572444
3439765104
1049460723
804632011
1718336704
2010653587
789893777
861376615
3857762360
2268695789
2747980493
2867666509
3679648041
1711554995
3533457771
2629133009
564109687
3176719194
901189490
1391172488
3475264072
1989170327
2240372263
1443711816
1064229633
3091903583
3149833741
1909928741
172576582
3966002407
289642986
2856801396
163905021
3187213987
4282788036
1301934027
1412069450
325614154
1043497951
3763045631
1158189203
390914511
3350600895
773444899
1965905533
847551592
3552551723
1073865870
3164871661
204164490
3698854439
1581314261
884699143
2426459626
2588967417
307329740
922691120
3867038589
116619812
619988360
1513967119
1990470264
1498392175
2636402782
2072066695
3945658960
210761181
3340689124
2937682365
746104249
3642923445
710962927
1385356824
1679903658
3098804859
2426913427
4223236154
4194585942
3795051252
32496165
2224724491
2554350643
3502909989
3346397498
109302702
674310902
1021839956
1790418600
3657561737
3513976724
490337284
3027405956
2564887361
4259661122
2930481404
2913124897
422542266
1436779637
1735059520
2659484182
2017115929
3255412194
31659029
295128120
210612421
1857473149
1992527360
3482706843
1878351713
3230028413
4260825030
3749529236
2055282130
1637278037
296578924
2374809529
1165786175
1010980283
1783756856
1614723038
712264459
2032783781
43061934
558958360
3258359259
2166863174
274231186
3653347517
3855597974
4250509844
265682923
3553417825
2911586910
3592190659
3077895421
2515411162
1945634715
873225546
31702862
3940890940
3504540656
2181606877
638390433
3685558236
2623120963
1730939632
2669795836
2961451856
4054215096
3470087482
646662821
4075210092
676865461
3751849902
3019494688
1804712006
3644648415
40532610
2136419122
595657522
3730770970
3780138539
64109792
1693771973
1343101580
1722754142
4191631983
3060197589
2278941850
3089368592
1494455652
3818243190
511868136
1099717750
1534394245
4085153278
3944887388
2869217284
2066114773
794579713
167877403
3723045233
1872102043
565168468
3534587017
30974896
829570651
2452790797
3723820876
2158925047
4222012634
2330121344
81812808
59285435
1163894045
1392356162
1606495908
1942201522
3356157034
1946199593
1210205634
4194092238
2102726724
3097986122
1490203210
4262486343
2653737586
686770424
1759299103
723327889
2747014391
202781130
2425164646
1753142113
1165172506
4003053973
712272006
3771837355
2113686367
2520037485
3478968098
4227007398
2219201164
233052583
1465102879
1627487429
3564971172
2649170904
3701901476
4250466494
605025261
3485096150
3084987411
4153841542
1873293293
1796831926
2161290516
3080108626
3996486248
2046986188
294018698
3900048279
417592674
1186055085
2202718107
1905480202
2803933218
1470410286
783012267
2089535647
2509765933
2006386789
2910156129
1933166477
439860294
2928137127
3619032223
4256952135
2939015027
1186156680
3317376909
74391940
249849850
3348431069
3524368270
2985328439
772535391
4209878203
2508484167
1830578582
1250895974
3920968824
3877829535
3792797718
3667653398
3710716840
3812151481
4146767468
2543749044
1590661153
3763585018
3590781837
2068075715
895192567
2017449736
3883983021
3178892297
1825309312
2215341000
3585603139
3631063180
1264530000
469896031
2282102530
2223718544
1553112380
2595326001
688684257
3128975001
1730216793
2531783652
564423699
3023678062
1980393213
3954154844
434999822
3924039187
3515418557
2958497727
4181905031
351130574
18638701
1064055410
3963765363
755061026
3498067490
817626905
1506299399
1829585366
1202825010
1565577114
3958608823
1312789997
2917976369
3749262362
2300506938
2265153198
2393845492
264502781
1592299139
319188381
2981599121
2247835113
3509437897
708121215
520095068
455951298
2366191999
1170103897
566737130
3936854703
2044447835
504202097
1116353297
1257646610
3208617554
2899309130
1208366566
3588746387
3356561817
720460715
1043841212
1686518037
1030800805
279031960
1834620203
270705342
129538858
407576918
1575859461
826734834
1350939679
966533226
3618463841
1639926871
2142663352
2927779481
3851819411
2040328146
1046967657
4012493800
3487964977
2435347079
1979031528
3053361565
521794575
66168796
1341919274
4188944444
2649577795
1757715830
878389604
4096219785
1398689312
2561582905
3442379531
546697099
2309625406
2918929483
64100564
895822470
3377279087
3766032
4276416692
742684928
3674562250
708124719
692155871
1042321340
3368984996
66887818
738609100
3844431296
3672521360
2782562377
4019144494
3636466514
2580130406
1750968783
2642122492
312353782
3476402488
3880916162
2644940393
3417128561
2233881181
4190509574
2569922539
2098812104
47893610
3087420609
2070768183
3746535232
3536691506
2090761304
1778598209
3976034142
3149763277
3747395951
3503082560
3692013288
3366363021
3125630444
1474669992
682759393
1120275209
649978611
3870016301
2303980432
2979681557
2067476715
2814063046
4188058745
3739107271
1402097526
66214054
2944665441
3549416051
2278593148
2741884995
640671309
3656071087
792824096
1888064082
369846659
2020476495
2775844296
2481235912
2043091590
2044131944
2184451864
1968798170
2253299997
3860861519
2676953334
3204884733
3100700747
126390427
349274503
1497896421
3350673495
1703736606
998849583
1857872521
2897406405
3404202735
2894221460
1715433244
2695738714
1067038562
1120538523
3924778261
500534300
215832333
346950504
3794243111
3684147278
3123798468
2075792225
2038768200
3550568823
324114332
314325546
384203437
1054835291
540801771
2965491882
1684551883
2508190206
690735685
1863738883
1248214102
2464997799
3080620672
2806566301
4068386629
752206811
2488531376
4062385691
3331185612
2653309021
3359906346
699765347
1840347231
1628201011
2628791428
1699467929
3510984628
754269347
2585047186
4268926755
468169409
4203564593
2334943593
2398495398
3027620281
46221217
2012632927
4008023302
1175084306
3216971770
2813245961
931958633
3087349889
3925012609
2782008378
3245925172
872514298
2047427257
975119881
645242891
584883380
2851127144
1838215627
1049762260
766781219
4057290900
2321921300
605740723
1038353915
170147200
387577273
798670606
2064340786
3985301683
3765006544
4175548298
1342471422
3572822513
3948095661
1526357516
1710102482
915366463
2199084773
1815346616
2720270436
3469305059
824677198
2266594803
843411881
2488166240
3175909628
1182396516
2083304149
3255573629
813514053
2153752046
737700959
3475928637
3573216445
1327050422
637895163
1982047207
826158905
204758306
2565804189
2929137663
285650127
1333608919
3902111099
2994241866
2085646291
4060097978
3239273995
4226929357
3159996635
235647471
180727296
1081162958
1503463355
4213939676
3981079888
2091200720
500833928
1395459109
3548257584
3883425434
269287064
4011669169
1702708756
4195989552
2070997119
3880436898
2376520115
1861513175
3900988690
2520743776
1922424577
1018622740
537206375
2479454350
2116473394
2655909292
720317394
3086418193
1517832893
216295332
1384171241
487893264
4008126805
1072331330
523530368
481182446
1695584240
806133258
1523116717
1301470800
667999683
422938048
205206980
2345520156
3712201795
1905533035
2160562522
3987447671
1892218405
4086669135
1022132548
3451529158
150717277
2548462578
191153304
3284628909
280591650
2524073495
4130299051
2866796818
807388136
1785209284
1166510609
2572084761
1351252323
3409255743
2179780255
3919801384
2610412937
2995040780
1947790186
900234468
2015621775
1480888816
638312648
1416456241
2437658858
916565232
3774934862
1597947701
3496800335
84423761
762616272
2980533077
1545845939
3206977944
3559235427
3782620725
2672655435
2632551819
3725525596
3384326075
1124586124
360513581
2490368593
2193189132
799972650
3813680325
2160402711
1678252940
2380202011
879319
1808343233
158392545
3329711253
2762179112
1568407718
1258227951
2207469579
1212047037
2669216347
1057039580
2911944499
2773167836
3139282868
1107625229
1829489154
3027788808
2034675654
3973495847
752996781
2947657736
3817938151
360880654
2469361064
220398815
1094332331
3629461735
2320668586
2302448084
499018215
2346602265
1021860263
463980395
1071352753
3404204359
298589139
4250097769
2978911837
1820437846
2971434660
2792174804
3138636417
2348207725
120939728
3512765935
3874007537
2161327086
1001712970
1994118209
4241093826
3840345985
3044506184
3469392269
95661130
2403172617
546942270
1381641690
1273303581
2585935020
1668835043
3170460524
1457104401
1613039822
2830222891
72600009
4031654714
2014443029
1495412554
1666519988
557949165
3170129766
501629367
1378627635
871253952
1159445734
3730562341
2319864204
2933105031
1796470777
3307152778
89122883
1538027096
3366459204
990738715
4214531612
1148694918
904425134
3930356301
3844242206
2993727913
3391131225
3105819093
2089261453
756406419
3806152365
3527166120
3104797167
2116222812
334276941
2658769147
3601314567
2945785686
962135583
3320944706
1266438364
145455384
1802694728
839068468
3522984625
333417846
63190828
222982596
1641259533
2565938822
2585521265
3215313960
888109236
2715560860
142958843
4046445781
3296456363
1994257997
1733240048
2336719488
3387307320
2691825775
268831157
3095978014
1021099486
3914795286
2625052910
3755038436
1447704676
1518998680
3819879297
2872935751
2422118093
977821833
4294535571
53169915
2760116576
353202110
1223031944
305648631
2322137505
2996175437
1497335302
1060992366
2079993941
450960010
152262641
895275990
4033185409
2536240907
1907359600
3689992420
2719364459
2985303204
3969929701
1536527501
2344267414
837634154
296967672
506095878
3812598217
555777459
3136648332
3452634820
600834056
3402038291
4289865671
1389643644
81591448
3025880415
980961037
3571730978
2148533758
2828868525
68478212
3185013485
3461860607
2961734994
915559057
3066715984
1776305056
341421793
3896516824
2803495682
152541991
1586441521
1957371455
3143847414
2812888087
1457830743
1939889771
1518653794
2105864247
106453927
3190567488
765009339
64262283
3055898038
1838885604
503256245
4043723864
4039774554
3665499835
1381160519
1120382243
2080663975
2644052331
930203045
788876978
1674532594
2416071641
1954054211
804005128
4016642513
3422717226
4056214232
4259931756
2840474392
2854777026
3656524887
2443870306
1480352989
3258918214
2480901878
605693103
137408116
3998545309
3383281962
795362392
4284830578
1203139050
1705686696
1812009378
3378238125
653290386
2390914917
3532716818
751692857
600896060
2920115350
2617554030
867738731
409164235
1869100719
1116286137
660224473
502607716
3102783335
2123142458
2419011160
2366981997
3007451057
1203462261
938820347
4287541643
3376128195
3624025391
648640282
1282325923
2750941459
2844663405
2793868871
2399272665
718679380
1942762357
1057785689
534135955
2272406908
795537098
3136726372
2528682101
598304959
391446323
558000062
3434439525
2811855508
2746702003
3157004283
3675856776
4221393327
2332043921
338763504
477340482
1246957572
3420317009
4077868211
680395065
4237821898
2570730424
1656992920
3615001426
3112820596
1866734796
2844359989
1132384433
1820555960
124369616
1373516382
3308037052
1025833099
1498711627
612471337
4115731223
2487728674
2666803200
728539113
2918740905
470442738
1349954038
2933823797
107893652
3167408304
642065521
911475682
1497531456
2653234513
454037494
2374671364
1044322128
754369289
1740840523
3145623280
2406702506
224086607
2207006835
158114364
1697376114
733125590
701933237
30593468
418678286
2945898388
1347470228
1819063430
1117408035
48586942
870729175
1379421166
3157035157
3468548041
1254498178
4235385225
2666843274
4202240874
1314620122
4103658797
1115875942
2964869014
945086309
57022958
1101197776
1498797185
1117710054
819629601
1952461995
2641316258
3831793764
3341843548
4077536028
1734447532
3608541218
1323722355
405663625
3754609814
341681319
2444823420
2090158487
1854233747
3559473335
2527358411
4149256746
3182551321
2443688535
2833763830
2745928552
3030990045
54675149
1358802128
3644052918
2114752468
598365084
1453575025
833982905
2192914995
717853578
3285658155
2252148820
1807998574
2446194333
3788901269
4011451567
546397244
304393753
941420420