0 0 4 0 0 4 2 2
0 0 4 0 0 4 3 1
0 0 4 0 0 4 1 3
0 0 4 0 0 4 0 4
0 0 4 0 0 4 0 1
0 0 4 0 0 4 0 2
0 0 4 0 0 4 0 3
0 0 4 0 0 4 3 0
0 0 4 0 0 4 2 0
0 0 4 0 0 4 1 0
0 0 4 0 0 4 4 0
0 0 4 0 0 4 0 0
0 0 4 0 0 4 0 5
0 0 4 0 0 4 5 0
0 0 4 0 0 4 -1 0
0 0 4 0 0 4 -1 -1
0 0 4 0 0 4 -1 2
0 0 4 0 0 4 1 -1
0 0 4 0 0 4 3 3
0 0 4 0 0 4 -1 10
0 0 4 0 0 4 -10 2
0 0 4 0 0 4 1 4
0 0 4 0 0 4 4 1
0 0 4 0 0 4 3 6
0 0 4 0 0 4 1 1
0 0 4 0 0 4 1 2
0 0 4 0 0 4 2 1
-99 -99 0 99 99 0 -99 -99
-99 -99 0 99 99 0 0 99
-99 -99 0 99 99 0 99 0
-99 -99 0 99 99 0 99 99
-99 -99 0 99 99 0 98 99
-99 -99 0 99 99 0 97 99
-99 -99 0 99 99 0 -99 99
-99 -99 0 99 99 0 99 -99
-99 -99 0 99 99 0 0 0
-99 -99 0 99 99 0 1 1
-99 -99 0 99 99 0 2 2
-99 -99 0 99 99 0 2 0
-99 -99 0 99 99 0 0 55
-99 -99 0 99 99 0 -1 0
-99 -99 0 99 99 0 0 -1
-99 -99 0 0 0 99 0 0
-99 -99 0 0 0 99 -99 -99
-99 -99 0 0 0 99 0 99
-99 -99 0 0 0 99 1 0
-99 -99 0 0 0 99 2 2
-99 -99 0 0 0 99 -99 2
-99 -99 0 0 0 99 -98 5
-99 -99 0 0 0 99 0 10
-99 -99 0 0 0 99-2 -2
-99 -99 0 0 0 99 0 0
-99 -99 0 0 0 99 -2 5
-99 -99 0 0 0 99 -1 10
-99 -99 0 0 0 99 -2 -1
0 0 0 0 0 0 0 0