21 71
51
17
81
36
29
13
98
93
59
14
33
65
5
79
5
71
36
97
37
45
50
30 61
45
98
23
36
47
84
18
77
22
27
87
3
70
100
89
40
73
74
35
13
77
94
56
22
21
65
46
6
28
75
14 100
62
35
8
49
32
20
56
88
46
86
29
57
79
10
26 54
89
49
34
83
14
72
80
74
14
4
67
98
57
84
70
39
51
56
76
98
10
30
73
73
77
55
48 82
99
3
80
65
65
70
52
54
31
56
68
31
56
81
57
86
73
16
72
23
96
65
6
45
61
73
14
45
33
39
95
18
5
84
39
7
81
58
68
34
62
81
67
83
44
74
87
40
34 4
51
82
1
11
18
12
97
98
57
62
51
46
98
69
43
45
80
69
1
16
11
99
1
43
49
64
94
60
9
66
2
35
67
25
8 10
13
29
70
13
40
74
59
59
15 39
91
69
78
87
41
50
88
57
21
96
51
96
38
94
20
17 10
22
41
17
74
57
69
82
31
81
95
3
65
38
49
33
66
97
19 14
4
4
15
49
58
46
36
77
100
69
59
78
26
69
24
96
51
53
9
47 74
91
84
27
68
12
77
81
55
28
82
80
15
35
20
45
56
93
28
61
19
56
14
33
72
67
92
23
35
5
34
61
89
86
61
5
53
57
26
88
16
83
44
71
50
39
12
50
22 98
48
79
56
29
13
35
73
100
54
71
98
94
90
62
73
71
45
9
24
16
82
51
39 9
39
85
73
15
74
69
10
73
43
11
59
72
1
12
89
46
41
31
62
11
68
52
25
5
81
62
37
10
75
4
57
43
52
68
67
8
70
36
66
39 21
89
96
11
97
32
51
34
49
38
38
53
37
15
51
73
8
2
36
35
17
8
34
45
22
51
34
1
41
21
79
10
22
57
18
39
66
91
61
23
3 50
53
56
76
39 53
14
94
84
52
89
58
64
38
66
89
77
96
19
74
22
40
58
79
47
67
98
83
85
89
22
86
2
92
31
77
36
41
61
35
76
67
83
32
31
27 14
54
76
30
57
97
73
11
38
15
99
1
68
36
74
76
6
46
46
55
63
44
58
61
38
24
99
19
17 51
68
58
90
40
91
96
24
55
5
86
89
55
9
1
33
25
54
30 1
92
82
98
11
58
53
93
88
80
51
61
30
33
41
59
18
71
14
46
64
35
49
66
1
82
49
67
19
95
18
16 91
90
94
96
76
46
66
91
84
16
81
73
35
80
37
62
10
31 85
11
32
33
35
87
90
72
47
83
97
33
56
2
54
75
82
47
29
76
75
41
53
6
57
46
55
3
16
51
36
65
28 16
52
62
58
57
61
33
8
88
5
7
25
20
87
4
26
93
87
1
61
69
12
56
60
34
1
59
34
16
45 12
15
33
62
40
78
52
14
66
86
75
96
30
50
13
84
63
22
7
69
12
65
1
72
98
84
35
26
15
15
12
69
41
34
58
35
70
55
15
100
66
87
57
89
89
85
5 57
3
18
41
73
81
15 1
30
22
43
6
21
15
79
34
35
46
90
39
22
61
81
14 32
89
97
96
49
88
52
92
78
32
6
2
32
93
67
21 46
18
31
87
23
83
14
79
28
54
1
8
77
3
80
17
77
24
18
44
79
72
38 5
42
91
67
20
92
75
14
82
31
38
26
73
72
56
72
47
4
14
68
20
32
95
76
63
64
14
68
75
92
32
58
82
37
43
23
5
37
67
9 5
25
20
18
14
15
13
5
10
13
26 44
48
24
17
26
25
40
3
49
11
39
36
34
25
4
52
52
26
90
54
26
17
89
42
17
8
9
46 30
71
93
47
59
52
65
94
80
69
82
59
8
29
81
33
81
43
47
39
76
3
84
63
68
66
43
35
46
44
49
24
97
76
72
31
95
80
74
25
95
21
86
15
77
29
82
32 83
47
21
87
69
8
59
38
39
100
62
96
45
30
72
62
87
3
39
25
51
95
44
90
24
18
75
63
4
59
17
83
52
19 43
44
17
100
26
27
7
38
83
80
34
90
57
85
49
1
69
23
38
87
24 82
49
64
25
89
17
23
66
88
36
9
52
83
94
60
73
31
72
37
94
39
85
7
21
63
12 90
99
12
54
26
73
68
56
67
78
11
96
44
37 22
15
71
45
71
19
21
61
57
34
90
46
86
82
79
24
14
37
25
21
9
74
5
20
64
28
3
23
4
33
31
5
56
33
63
9
72
60
15 94
58
93
23
75
27
97
60
97
29
20
64
82
56
26
36
40 63
76
19
47
40
72
16
95
7
2
9
21
11
1
100
43
65
14
68
47
68
78
55
80
81
54
37
91
60
50
51
61
100
18
64
24
20
5
47
63
33
31 75
85
6
10
52
29
54
91
63
47
5
25
91
55
53
46
73
43
54
74
1
86
23
65
26
86
71
72
28
93
8
26
10 92
8
35
63
8
45
21
10
21
97
55
46 75
73
74
76
27
33
34
59
59
61
29
61
90
18
98
10
46
84
96
67
59
22
40
66
74
7
33
51
69
96
30
54
71
46
9
82
55
53
22
81
98
16
22
29
84
75
53
25 86
19
82
1
25
54
5
13
2
47
85
96
19
50
31
33
77
90
91
98
94
66
42
47
28
7
2 57
3
24
26 45
20
23
22
38
55
3
94
8
70
89
71
26
18
72
87
53
69
36
24
69
40
17
14
53
16
27
45 46
44
5
54
73
61
80
86
58
72
61
51
7
31
98
49
92
6
97
77
6
64
53
12
43
75
81
7
83
100
82
91
96
90
52
88
59
28
84
77
76
53
17
37
53
44
21 77
48
48
93
24
38
22
99
60
36
72
94
39
8
28
55
16
15
86
63
63
22
18 45
98
9
69
54
94
48
10
46
78
16
100
53
74
80
6
65
66
36
16 85
12
17
53
42
6
43
31
30
97
39
66
15
83
82
13
16
30 70
4
41
4
25
5
99
18
15
88
63
99
63
74
81
40
22
39
84
34
91
82
71
21
71
81
56
67
49
69
76
19 23
75
19
10
35
68
50
27
48
50
78
60
80
15
66
57
51
53
64
70
