4 4
0 0
0 1
1 0
2 2
4 2
0 0
1 1
2 2
3 3
4 4
1 1
1 1
1 1
1 1
4 0
1 1
2 2
3 3
4 4
10 1
1 1
1 1
2 2
2 2
3 3
3 3
4 4
4 4
5 5
5 5
60 34
-9293 20365
-15288 30143
-4993 9498
-538 22829
-24114 -4565
14114 -28347
-27784 9245
26929 -11474
1341 -23944
21373 15697
24096 18270
-5775 31241
-31893 -22297
-16579 -14658
26131 -8940
-9931 27190
8356 26169
3116 -401
873 22042
7103 13815
-22291 17881
-12337 3197
-18027 7031
27779 -13615
7884 5161
-9355 14217
-24739 22742
5490 28414
8182 25242
-28212 -22388
13530 12102
-10275 10693
-15355 17886
-12132 18496
-26392 -2842
-23407 31526
7556 -26086
-14227 -32046
27814 13282
-7025 22529
-18554 3554
4989 -4286
7182 -23663
6528 -9335
-10758 -15428
7448 21683
15640 13010
-23606 -17386
-10385 12989
-2974 25100
-6350 28764
-20331 -10490
-13251 1597
-905 10507
-2424 27038
21561 25992
-21639 12021
-9873 305
2720 7786
-20729 -15030
26 26
-10934 -4789
9857 -15258
20565 22821
11567 13419
-19422 -14525
-2416 -31685
31210 -3027
18748 -30833
10355 -18749
-6961 22264
-14682 -15066
14609 18472
-21731 -17417
-25153 20374
11316 14384
26188 8726
19418 16694
-16222 -5188
-32323 22026
15562 -6399
15941 16666
15749 20456
-14741 14045
31401 9192
25425 -31817
25074 -31143
56 36
-7517 68
-28182 18539
13209 -31779
-9446 19318
-15489 -8249
9998 8513
30 -30164
-20809 23902
1917 28517
-21141 -6079
-9005 8963
15029 28477
453 5350
6320 7187
22108 4588
-10577 -4704
3855 -6679
5541 13480
7039 -23309
-16768 -5716
17233 14998
-10744 -20013
3244 28962
-21479 22757
12990 13377
19054 -2958
11319 -28969
-11629 -5665
-16844 5939
20492 -5625
-13493 -29278
26421 14421
-29999 5579
18455 27865
26876 22079
-13988 10254
16862 -21668
-17428 -13789
-25632 -6280
-15712 -7192
-23821 15004
-10696 3314
-26998 7991
-22862 -27009
3120 16593
-825 21571
13460 -2696
-29843 -21398
-29950 -17054
-20139 1087
-18766 1273
-21907 -23524
-28010 19874
-20130 -31634
-17338 -4934
28404 4664
75 38
29112 -23013
20265 10284
25709 12186
25758 -13876
-4351 -11129
6706 -13114
-8619 21163
-28516 29627
12242 -12961
19993 -10679
-15996 12172
19735 -15156
-17616 -25315
-651 -10427
18589 -2529
26243 -982
2261 1029
17781 -30104
-14348 -24976
-17079 21781
18173 522
27397 -19941
-16133 -17086
-22270 5797
11431 -15673
23974 14199
6662 -5583
22246 -24701
-6510 -23062
28168 -20577
-24524 28521
-1083 19152
28465 4454
-8981 -7930
-20819 -24689
-32524 -15893
-25100 -47
2556 -25047
-10712 17931
-5540 -17151
18523 30644
1577 -24524
28377 -6557
5265 21124
27325 -19835
-8521 -14318
16403 -16587
-5792 9689
-21518 11082
-23369 12691
10114 23931
21725 1650
8554 -24357
-31319 -3151
-26980 -7634
-30358 7686
21040 11089
23263 -20472
-21557 -3124
24920 18057
-6140 -5715
-16270 7330
-4274 24391
2288 -23087
9898 -15088
8530 -31394
-29146 -18928
16235 -878
1113 6190
-32599 -10894
-17639 19283
1301 3324
22885 24912
-12042 30010
-8536 32470
1500 152
1730 -23179
-5476 23733
-7195 12111
7173 -25605
30925 25978
10447 -18573
-12413 -17115
-27905 -27268
-29220 9011
32622 23640
20622 -1208
-19709 22312
23263 25749
-22826 -32584
1289 27496
20099 30913
-24664 27075
-24363 19406
-9190 9389
-30043 6496
-1319 -29214
-13276 8090
24671 -9606
18062 -3669
-12582 19526
740 -11166
-23275 -14900
-22630 -18483
16750 26140
-4398 1034
12613 5690
-25195 25290
-6232 23745
-19682 12368
-3685 25688
19815 -13611
11644 -3223
23912 -15137
14980 -22158
17251 -25000
7604 8510
-13162 -17005
11035 -13854
-16294 26064
15129 9624
-6354 -1893
-4836 29577
7868 -10869
-7428 5060
-16583 -32380
-29142 13968
-11883 -5033
12301 -25893
-22451 24416
9516 28211
15806 4283
-17934 8796
-4927 13573
30558 24757
-11518 11326
-9759 29513
-16981 -28058
12326 -15253
-32179 -7169
-7323 12045
23836 -27280
9339 -9109
25254 -20759
2841 -27657
5374 4250
18072 17590
20449 2000
-30834 4063
25764 22438
-13813 25145
2733 22461
8385 24431
8183 -23272
-20299 26271
14737 17327
1373 3802
-1056 26830
15507 29608
29785 -18871
31968 -20866
18312 4876
1287 -29270
21516 -29478
17186 27143
-10711 -16017
-7454 -8938
-755 25741
-2365 14922
1016 -13198
-30355 -11493
-19607 28093
-1418 -21357
22547 11638
-4191 -12040
11714 -6600
930 1488
24977 -27383
-1721 20307
-25725 -16125
29789 -28948
-9498 -15877
-8987 -19209
16 3823
32213 -5147
-153 -7119
27711 1705
-28932 -9837
2915 -23813
15158 -11462
-13853 7669
-6435 -7562
23967 -14643
5465 -23708
-12782 29678
23414 6038
6755 9543
-22700 27202
32300 17109
11333 -21281
23752 15649
-26649 30696
13966 11306
-8473 -14846
-17703 19426
20423 -6912
1039 18608
-187 28989
-2328 23532
21793 27706
-11495 14438
-21302 26927
-885 -18143
1742 6024
9359 12942
-29136 28005
17495 -17820
19640 -27675
7104 5545
-5908 -13489
8470 69
30728 -27747
4212 30583
28363 -28962
17484 -7738
21287 -24082
24035 13563
9725 24586
-15826 -22044
-12734 23064
-19590 628
-31475 -23035
4800 -32205
183 23719
-8726 31588
19767 -25284
19824 -6765
22073 -21807
12684 12940
-11666 14712
3451 -28765
-429 13922
-27426 16877
28171 -26726
6074 4927
-7102 -1585
27728 23240
-12782 -21793
-26181 -30195
5716 -28108
4047 21917
32193 -20601
14454 -31386
19608 -18853
32152 16942
18255 9855
-8934 -661
4851 14700
-15076 30589
1441 -11908
-8045 32390
18189 -12307
14893 -9161
16639 23321
-7461 -32334
24529 -970
-27435 23699
-8947 18959
4199 -16652
-32103 32259
-19159 -11934
1605 21623
-715 -17699
31031 27503
-29546 -11753
1790 7843
-9004 22579
30188 11262
-11357 -1463
4712 10274
21920 -10014
28525 -17122
31338 -2183
-30475 -23495
-17283 19972
19173 -26251
12169 16411
-29873 8097
-27500 -26694
-26299 4267
31475 32115
19554 -25859
12597 -8325
10905 -3635
-31009 26834
-20584 14460
-28151 16547
-5993 -3923
-17357 4535
29771 20959
-11 16832
-22354 14205
-494 -32485
23765 9276
-23305 23614
-19902 11617
30655 -15963
-28686 28132
6090 6077
-10070 -10993
-5816 -30043
25919 -18536
-1129 23326
27139 3421
-3474 28773
21746 14489
13373 -31875
-1263 25879
22599 13116
18672 16008
4064 -20811
-24705 1488
-20494 2271
-19520 25990
25899 -15898
-28258 5752
15202 -5008
31534 -21541
30518 -18126
-14717 8513
-24059 -23760
4929 -23604
3675 7818
-30202 9115
-2259 25952
834 -2758
-2099 14254
-4418 -7736
10785 13633
-31546 14378
-26518 21467
16894 9480
23904 -27571
-31860 6131
25758 -5107
6167 -28477
-31560 -20281
26998 -18672
-31908 -2070
-3253 26440
-10706 23954
-5643 25908
577 -16294
4675 15065
-27703 23488
22332 4623
-11597 -22851
-9320 27362
-13040 -26116
-4945 -4114
-10978 4814
22543 23443
-27575 -32734
20947 -19214
-11609 -22888
-27488 25694
-4484 9233
19340 -27156
-31818 -22899
-21955 24564
-15504 21660
-31364 24437
1167 -3727
-22498 -15429
12884 -10945
-10757 -30915
-26689 21405
2983 2691
30090 -26369
-1687 28365
-3768 -29375
-29753 3870
-22058 285
-11780 -30117
-13455 -13653
3586 -20936
-364 -14358
-16212 -19613
-31644 -29697
24236 -11633
4556 -8748
27344 20036
31483 9890
1310 -24651
-7936 15586
514 109
-20227 -29788
18818 -7111
19970 -31991
-1971 -9256
10574 -17293
-11585 -5269
-24844 -24173
-16363 -17862
24757 -18904
31492 4774
-18326 29828
-16371 19671
-336 7197
-22196 -301
11865 -31167
-32341 -3118
-23673 -15997
-19834 32409
-3918 24541
-25305 -20955
6345 -13402
-26047 -27803
-16815 24545
22153 -30511
16921 4180
12076 -37
-2548 -2570
-21421 28860
22913 -1100
-21161 20840
10710 21978
-30159 -24145
25947 29028
8801 -27604
28750 -12817
-2487 -6912
-320 30716
-10684 -24091
18837 -5298
7534 19739
28168 1973
-15714 18989
-20261 2812
-4158 -30257
-8653 -28529
2878 30012
-22453 -18801
8880 789
-22504 -27984
10872 -22456
-1856 15315
-1676 -23510
-8433 -16051
-11128 11603
-24319 -5408
-28379 -29639
29378 -12348
-10217 1278
19817 24476
8167 -22904
-14452 11723
-21170 -20713
-15928 -3271
32568 18106
25183 21121
2045 30342
10854 1377
9112 12446
30238 30912
-23860 24197
10283 14700
25871 -22389
7816 18984
12542 1240
-31488 12329
27879 22224
-15286 20378
-15173 -2224
9119 6169
-17832 13696
29443 -312
7474 15485
28671 22269
27419 -30103
-16134 -22114
-28974 13809
-2907 6613
23114 -9316
-32664 21945
-23267 24060
-3627 25828
8574 -27257
-2516 -9503
-5944 -208
3624 9129
-28735 7080
14353 -6580
3159 -24029
11852 14566
-10070 18176
31209 -18393
22952 -14293
-11982 -3739
-26829 18132
25653 4911
-26582 25769
-32041 9739
10220 -20660
-16653 -16024
-30921 23945
-17429 -10166
14653 1393
8139 -31797
14250 -20199
31627 29532
-25224 284
25863 -32101
-18658 10355
30917 -12287
-27351 27398
-23196 715
23066 -11551
32314 23520
10866 1472
16289 -27719
-12858 796
19365 -23680
-6882 -16155
22640 -18683
-16749 17370
-11774 -3743
26353 16424
32417 -26439
-12570 3082
-3966 22080
-31400 -32056
12558 25804
29676 2974
1951 -11938
-4942 17885
-9168 -15980
-21962 5575
-27416 14919
20335 21734
20544 -24647
3039 -12534
23524 21232
16082 24678
1270 13758
17554 9947
-22843 -6558
-29312 10668
30156 14706
14222 -5223
-20374 1681
3266 3403
19419 1349
13754 31180
10415 -31052
-20771 -4883
-13691 25175
-14656 19067
-23421 -18574
13417 32277
30278 22794
30089 32036
-31803 21081
27807 -23714
30485 -16638
-26430 7097
19553 -3054
-270 -6219
-22017 -20756
-25672 21354
19113 4558
-23102 -1505
30306 12141
-11217 -1193
17162 14265
20984 30069
-4306 -363
30272 -21287
24255 -6322
-17222 -16984
17194 31662
-1343 13780
13376 -9976
6768 -25371
-8322 29208
13238 -1762
22342 15373
-25856 31120
-16692 -26569
-1488 -5057
26826 10418
-25022 -25286
-21209 7970
14581 11555
-9989 -17639
4276 -18192
10313 -10692
21454 14072
-32113 -32751
17194 10749
-18846 -30865
-13892 14451
5318 28745
-11178 31328
-1073 -27561
-10623 -27650
-25341 25527
28156 8777
31387 25198
-28650 -20312
-15183 -28474
-12073 -5897
-13492 -19328
-21805 13158
-24118 -32531
9595 -26929
-12182 13504
-15920 -19548
-2409 26307
10362 21650
-28057 23375
-14622 -16812
-2019 28938
-16624 -20541
1624 -15247
3422 15879
16860 -28651
-14566 -7811
13994 8480
-19354 32605
-19662 -19621
11171 -23797
28841 14051
-23996 26336
-31600 6074
-5555 -5221
27565 5882
-5867 2304
28093 6379
25820 -18658
-13392 -23237
-17297 15727
8429 -24376
-2089 2494
-15467 10982
14680 -12061
32633 -20708
32739 395
27415 20284
-26407 27708
28954 -15214
28050 1561
-11436 16106
25896 -30269
27338 -25496
-9215 -10360
-708 -12369
1220 -20944
32448 5475
-14132 -17659
5176 10513
24740 5863
27767 13328
-3194 4914
-15648 3595
27825 178
12455 -18975
-27225 -13806
-7894 -13152
-1556 32163
-5450 -6483
-2202 -19264
-12275 27762
822 -16234
16791 -10923
-8263 31865
19536 -7137
17344 -19193
18953 -24169
31656 3626
17669 -17294
16538 2177
-16472 -31758
1606 28709
28780 -5275
7151 -21362
17277 -16987
-23787 -19833
-14877 32616
-12583 2686
-4017 30544
23968 -7288
13043 17302
-9450 8085
3694 30768
-14253 -11956
8453 7
-29987 10217
-26220 18810
31643 -16636
-4012 17115
2298 27626
-2980 9968
-11060 -2915
24451 -6515
16599 30539
20303 5011
-18817 20793
22113 -8305
-1637 10490
28646 27043
27338 -28943
-12128 -5045
23691 -17194
-10531 -27299
17560 -29878
10968 -24160
28531 31564
-17405 20306
15797 8511
-7779 10964
9351 -2577
-9903 -22451
32297 1787
1242 29361
10862 -15209
-25778 -23301
32573 4475
-3670 3800
2322 32389
-20157 -22473
7035 -6032
12335 18283
12700 30167
715 -962
-7852 -27467
13567 25546
3701 1808
31763 -23536
-21976 27134
-19615 -14998
-4935 27424
8976 -13459
8008 -3128
7208 16817
19705 -15929
-23930 -18733
-31366 -30156
-19954 7739
29109 4043
7755 19583
6235 1481
-8599 -13461
-28899 -29320
30138 -30858
-27342 -26242
31727 -14432
-814 3169
-8514 7822
13611 -7559
30485 -15486
-14974 -9862
7067 14094
-7160 -7080
-29280 17168
4604 -15721
-11454 29129
-13569 19704
-8809 -19829
32273 -4282
31205 17857
-5964 -10439
-8459 -27728
31846 13163
5511 311
-27428 16806
-32093 -20353
9187 7085
-3935 22956
31250 21862
19384 22058
-13491 -13040
-1125 -31713
-16094 23833
13751 -7851
10301 -26085
11987 7126
-30097 7438
2609 -5797
16684 -13439
30240 -1229
-11125 13527
19776 2810
7015 16876
32519 -10568
-20242 -12102
18493 14281
15385 25760
15231 -13061
16434 4714
6592 22646
-8617 -13898
31427 -4872
-24541 -28566
17827 14239
21442 9179
31052 4497
8285 29530
-17663 16167
-29515 32133
28881 24096
-5434 30086
-5676 -2094
-19054 1721
-10317 -8055
830 2349
-19652 -27414
-23700 -1575
-1016 -919
28785 3231
-8608 3967
-30310 21953
5451 -20417
-13340 -14701
728 -31818
15822 -29368
-11007 -28790
-1737 13416
9159 10136
-16883 -3452
24845 2423
-4673 7585
-3332 -1739
-2879 6590
-12463 1476
395 8298
11368 -7811
-11099 -24176
93 -10143
-4339 -850
25870 4770
-19759 -1475
-13264 -6281
-7680 -14379
-8013 -13896
-17638 -11559
15361 -31043
-14203 -27655
22718 -7126
-8168 30030
-10026 29134
-11629 5941
13372 9453
13534 -4649
-12482 16746
8481 3400
2526 -4719
13233 23272
-20868 -20122
-5405 -3344
30462 5244
-13705 -23036
-20328 -14109
32044 20638
-28212 23158
19665 -23831
19879 24565
-20055 7490
-18267 8956
-5425 -1322
23739 1379
3814 -21391
20362 -19442
17297 22118
2652 -19175
-26210 32597
22810 25206
-13852 -18491
-29059 -19268
-11669 -26533
19366 13035
-1081 -21850
-19049 10361
32391 7889
-13317 22769
-3730 2997
-31367 -7112
17538 -4712
21584 -20329
3857 -7293
-9366 -1458
19470 6972
13282 117
-10461 -27682
14480 32248
21237 -3423
12114 21877
30816 8790
-941 25499
6207 -18464
-2170 18187
9028 14857
16486 -27867
-27701 17938
-30323 -27926
26736 -4461
9844 14138
-16481 -11524
13717 3769
12302 31219
31441 22393
14220 -24073
6010 12885
-7047 18507
-8117 -27033
13758 1393
4859 11657
5508 -25703
9369 8411
-28736 10957
21552 -13624
-25070 22903
-22070 22464
32156 16622
-19571 28035
-11758 -26093
-20101 -8200
26010 -13797
16989 31178
-8173 2937
1216 21173
-12612 -771
-25030 3246
26516 7949
23902 -8200
31458 15577
-19401 -30736
-19915 -22746
14874 -8066
32254 -9016
9916 -15634
17597 25680
2540 24548
10080 -12594
11835 -7188
30674 28705
22798 -30511
-9490 11542
-17181 -9399
-23474 15933
24823 4771
30300 -14455
-31612 17885
15944 -13270
6242 -1730
-31687 24612
-12977 -23974
22204 26973
-17223 24397
1821 11312
-6485 18803
21878 -14978
-735 28485
27494 12266
-17728 30182
-29729 -22070
26019 24811
-3308 -6629
16779 -28383
-1444 20140
30541 17855
-28983 17393
7825 28543
1577 10578
-20693 -9860
20241 17183
-489 -29224
-11034 28380
10356 4921
-7810 -30656
13933 -16506
29470 -15161
-24995 -13088
-10452 7525
15414 854
-13855 -19866
7451 21690
6287 23264
-22684 21214
13638 6257
-18646 -32199
-2428 -21056
9785 18034
-11004 -20847
-12300 31562
-6309 -12503
9446 -1203
-23275 -388
2870 -29058
29779 -16183
18875 21378
8698 5346
4109 27633
27662 28975
-3859 -10241
1619 27386
-394 -27992
159 -30162
1156 13969
18271 26236
-16359 32696
29712 18287
-24298 721
-28102 -32089
-22684 17490
-22953 -15257
-2140 28580
23411 -18627
-5730 934
-9716 -4896
-12340 -20266
23438 5419
-4402 15735
16057 2581
-23307 29381
-12928 29249
-15941 -14532
2818 26569
29369 15125
11762 17143
21 5071
-791 3789
-22104 10235
-13516 -19838
13914 -21529
16513 -3314
-27201 -26777
-22329 -19270
-19981 30306
-3594 11081
-10253 27471
-24224 -30977
-20839 -32429
30651 -32292
11924 28094
23980 -9887
30689 -2105
23259 29970
20976 3271
-16452 -18258
-13877 21896
-30198 27365
11129 21644
23443 394
20059 -24667
-30931 13743
-10698 20590
32256 -16121
-24460 27059
5243 14016
-8378 -6924
32566 15503
30273 2512
-2872 27304
-22882 -28233
20508 -6782
-7219 -16437
16530 -31034
8733 13125
-2780 -27703
-26716 929
-18770 17798
-24194 -4706
735 18538
3828 -21014
-31618 32221
-5995 831
-21710 -22793
29044 -16597
32363 -11216
-2800 -23744
-30355 -27461
11925 3166
23189 -17456
-15467 -25859
-18261 -32654
12881 10356
-2505 -14094
1141 24939
8062 22933
-17887 -20502
1809 -32699
-8423 -9880
-24759 -4172
8122 5511
-24245 -13513
-17625 10348
1512 7652
29594 29254
15935 6151
-10405 2566
13116 28621
632 -22292
1143 -9863
-6628 -11722
17947 -30393
10894 -15348
-20839 -10395
2927 17750
25902 -13977
-30548 12326
-5719 16851
9566 24973
-4190 -22173
-12674 -27178
9681 255
21771 -655
12499 12598
28435 -22466
17309 28722
23822 10174
-10488 25623
-9024 11759
13508 -9404
25921 -24505
-25717 -24622
11904 30962
-20368 -20270
-2749 -22627
-26674 31151
-28302 -11340
-2954 -19289
28635 -28381
-25178 -30729
20066 -12989
-4473 12366
-19507 16263
14932 -9709
-22069 -32327
19305 -24670
-31903 -13826
-8394 -24909
-15232 6188
-29856 -6426
-4920 -7471
-8102 11098
28925 12523
-10666 -852
26455 -12080
-10767 -14468
13987 12357
-30797 -17179
-9620 9573
-11375 -125
10669 -17725
28564 1986
24521 -18543
7280 20021
21651 -30226
-12232 7128
7438 -48
-2297 -20446
-16143 12359
31345 30000
27070 -25544
10804 9961
32280 22683
16984 -17626
26480 18841
29066 -30726
-17385 23312
15239 -1830
23805 -22338
6564 -31527
28666 15079
27463 5031
-18048 -4518
13931 -2940
7940 -8864
14368 -11565
-25936 -27878
-17672 -14199
-15104 -29694
31195 -4553
20487 23649
15332 -20680
-2856 -22528
2434 2764
-637 25275
6824 31841
17396 -20200
-20829 31944
28108 8658
31292 -17011
-5916 16439
-23797 30604
-2125 27337
7371 7790
17308 2733
26900 -17962
-23961 -19968
-32189 -3844
-9642 5197
-29635 -32500
-7816 11032
-25018 -9765
18112 23126
19530 -4985
-12596 16627
-26285 6403
-28056 -331
-9010 -24716
16630 -15793
5054 -20495
11818 25835
6725 15932
-20070 20147
-26965 -30457
31151 -10296
21644 -4060
-16222 -12443
-28957 -3250
11937 -17778
-1615 -21500
-28407 -16201
19965 29549
-10423 -7708
-1303 -13421
15754 1502
-19487 -152
-20716 -2805
-22446 5696
8367 -20156
28909 3303
-11640 -27647
-17948 10694
13120 13187
2830 -1097
-29140 -14459
-27050 31376
-17750 -11540
17004 -30191
-3770 -3818
-15586 -32623
-27721 -9104
-10288 -9292
-16929 -17677
11149 -10868
-4787 32345
18115 -5390
-10052 -30692
8883 -30961
2157 13328
-12751 -8488
18075 -7090
-8349 -885
-4751 23188
-5691 1227
9695 -3062
-17621 -3539
-31603 -14088
18993 -28520
-22537 -7026
-24612 -5914
8882 19917
-23834 -5039
3411 -9255
1169 -27037
-3365 29314
-10142 -14225
-9013 -5973
-5480 -10988
-29924 22538
-23464 17473
13416 -3455
22319 27608
-22857 -8325
5216 22061
-10469 22116
32690 14450
3821 27989
26159 19721
17893 -2310
-17911 -10251
20392 28442
28350 23491
-15842 5030
-29257 27956
19092 30133
25845 -6287
-16532 19397
-28209 26046
-13322 -72
-10495 -3292
2804 32292
21623 10938
21922 19763
-21571 17756
30523 32451
-292 8313
-7735 27159
18796 25087
3298 -14564
8578 1677
-12768 17365
17505 -9719
-4259 -16136
17433 -1989
-31222 -13967
27213 1972
5238 -23280
-26803 18996
13587 -7589
-22935 16616
1940 -7581
4184 -32553
-1808 25529
14826 24196
18038 28496
-19794 29495
2310 -4779
-19501 20664
10966 8073
21289 7726
22862 25500
-31370 -31477
-7083 29962
-1703 13087
11136 -20206
-26730 17390
-7472 15828
3540 -12378
-22646 -7232
-630 -9617
24797 -24360
24569 -28530
28232 29302
3736 15634
21867 -25991
21920 13624
-16464 26542
-15351 23264
-14036 5297
14482 -16827
-30503 4427
-13053 -4780
7759 30633
-21463 24653
-8358 5101
-9555 -19305
-4695 28846
952 -30591
-16357 -13174
-24033 -20293
5796 18754
17855 6435
23870 -25349
20690 23476
15408 -16934
18612 -4680
-5706 -21758
-11150 12644
-12594 -9051
31904 31553
-11745 -2815
25790 9289
-20773 19489
-8910 18333
-7197 26091
19531 11154
13505 17146
24004 -22063
7767 -13794
7005 29105
16895 -17832
-16717 263
18216 -19013
1119 -25686
15384 -22826
25202 11638
3688 -438
-17145 17523
21381 22977
-26491 -23565
-24881 -23061
11283 -13880
13824 2800
6129 14493
12764 132
-15832 20759
7809 -10103
27806 10807
2049 24931
-12207 12224
25921 -29014
-8074 25388
-4218 14419
-578 -37
-4025 16847
-15359 -28941
11616 -8245
3963 4983
-24739 -6499
-11909 19627
1547 9003
-6785 -28198
26615 -12243
-21734 -27160
-5910 19093
24510 -22500
4846 1055
-3626 -18595
16983 12052
9436 -27554
-15361 -27786
19098 735
24298 -2186
18626 10128
15081 -9875
7104 -24220
18726 15895
21402 -32031
-29855 26364
-17509 -23786
-29349 30236
-1741 -24833
27485 -27078
-18577 18972
-29248 9787
27908 23335
20123 -562
32141 19906
-5135 -9044
27176 5825
-2834 10944
-6627 31405
26989 -12681
-19298 29249
-23228 -5427
-17755 -24302
-22768 -5177
-22299 -3928
21712 -14986
10495 -5078
-11892 -7687
23804 -25334
32201 27399
-32535 19958
-11024 16596
-17901 17740
-22367 -24107
-9005 -27936
-5406 -7615
9241 460
28811 17079
-8713 -3171
-18487 -5419
17128 -26407
-30086 -20139
18869 4625
-17715 22201
-14082 -22349
16330 20298
14713 -16316
16940 -29001
28242 22384
26126 14611
29150 16947
14971 25340
16384 -8193
19533 -14280
-25774 16777
32440 10547
31860 11440
-13248 15978
-1265 28942
-17597 -20624
-32089 19567
-19166 -5946
22257 8019
14243 1267
-13718 -12654
15714 29624
54 17960
-1987 -8573
-16725 -287
-17475 -31911
-22410 6816
-31413 -16527
-30208 -25650
-13756 25094
29941 7435
-31571 19403
29246 5785
-5445 -27415
-16833 10491
10677 -3090
-11769 30597
9112 1627
2166 1343
-27446 14723
-2650 -6502
-28332 -22930
1245 -29673
31341 -2945
-25034 20973
25020 20927
-29696 16970
30516 -18605
-6131 18957
21824 -13089
-9256 22772
30371 -22246
10684 -3572
-7921 10554
-1245 19382
4884 19279
15695 -7446
-8649 -22219
-14056 -27043
-31776 31304
12821 -31266
-24063 26069
-7251 19723
-1696 -1907
-12470 -15114
-270 -6041
26726 -27518
15532 30128
15133 6398
30126 21655
12203 -9679
28062 14112
15474 -111
-29656 -15505
30698 22542
-15886 15653
-6430 -8464
-4294 13961
-18477 27020
14295 -2143
16074 -32208
-20207 190
14524 -23770
-23056 14511
-13406 31968
-11790 -16561
-800 -24521
-10515 7479
-10757 30642
15131 4901
4643 23403
15992 17494
2342 19191
-8271 -7193
-4558 -1039
-22809 -2992
1132 26271
13604 5840
-32617 26951
27919 -12323
-10174 24028
3665 -26057
14717 1509
-13235 24018
26695 -30494
-3537 -8902
4052 20472
-15261 -16413
13422 15383
29404 11975
-21366 18643
-30887 4518
990 -2488
27115 -16911
-26285 -3334
