1000000000 2
1000000000 3
1000000000 5
1000000000 7
1000000000 23
1000000000 11
1000000000 13
1000000000 17
1000000000 19
1000000000 64
1000000000 128
1000000000 256
1000000000 512
1000000000 81
1000000000 9
10000 2
10000 3
10000 5
10000 7
10000 23
10000 11
10000 13
10000 17
10000 19
10000 64
10000 128
10000 256
10000 512
10000 81
10000 9
54353246 543
54354536 435
4321561 43
3234245 34
5345326 43
32414 3
342415 2
54353 543
54354 435
4321 43
3234 34
5345 43
32 3
342 2
10 3
8 3
0 0