505
258 -58 359 -33
176 9 222 10
81 73 235 -1
274 75 43 42
180 -44 61 -54
218 -25 314 -54
104 6 127 36
10 -10 137 -59
251 -1 192 -64
280 12 103 -73
108 -38 107 -72
285 72 281 -13
334 37 269 62
22 37 209 36
209 -62 19 -56
294 -11 34 38
321 -39 130 85
26 -5 29 51
317 -26 37 76
259 -34 239 -78
65 74 250 45
280 8 217 -57
149 -25 221 -87
34 -10 79 39
92 -86 268 17
166 -79 113 -52
214 -77 121 39
54 -76 301 68
86 18 355 48
216 -48 227 18
348 64 166 -1
277 -13 279 -46
308 34 118 89
228 -67 35 50
45 74 192 -7
93 -62 106 47
92 -83 329 -69
358 -68 86 47
190 82 117 -42
121 -37 235 -71
321 47 17 23
308 19 146 19
124 71 233 -5
312 13 311 -11
154 86 28 -36
26 14 283 -63
147 -22 115 -37
317 -65 218 71
211 -27 85 -88
358 -29 22 17
34 9 341 -45
126 -38 59 -19
18 49 179 -82
156 90 193 -64
44 2 319 40
33 85 69 -82
115 -89 185 -78
178 -47 264 4
150 -83 12 26
241 -13 255 84
195 -44 166 -16
140 61 201 57
55 -60 282 -75
85 65 308 40
183 57 318 89
144 -31 336 65
146 74 309 64
152 -81 306 -60
141 43 230 39
267 11 290 -78
69 44 59 -65
73 73 302 71
248 -10 251 -46
137 4 349 68
85 -25 265 -59
283 -43 269 75
55 -51 27 8
343 34 5 9
335 -58 179 69
165 -34 84 -42
191 -75 225 11
235 73 32 22
63 -82 103 -20
179 -45 167 47
195 -72 28 52
17 47 298 44
83 65 210 39
17 -62 5 -23
266 -21 256 85
15 -1 104 88
224 -58 184 -15
334 -52 305 -64
120 -24 130 21
242 -27 256 58
3 57 215 -58
221 36 354 6
43 28 103 45
358 -23 166 2
16 2 260 4
5 -34 219 -47
126 2 356 -9
8 88 336 64
101 10 3 -52
146 -71 274 55
216 13 31 -1
190 30 122 29
359 -28 226 -55
104 62 116 -79
222 5 107 -85
341 -15 241 15
51 -79 253 84
102 44 302 -90
67 7 63 -71
89 3 179 15
45 -17 74 -32
336 -77 149 -32
46 -90 23 -25
304 -59 324 19
284 86 302 74
242 59 197 69
355 -40 343 32
134 -68 114 -45
67 -72 309 79
227 -37 29 13
23 -78 119 46
248 -77 160 -37
191 -18 349 41
207 41 9 55
72 -50 49 38
245 22 30 -14
15 -40 91 -9
259 69 165 -68
241 -30 187 44
47 43 358 51
278 70 347 2
236 49 119 84
33 -43 299 62
213 -28 312 25
218 -23 163 -6
46 -64 164 -76
93 80 148 -50
108 89 30 83
352 30 16 -3
32 -29 105 -23
16 54 173 -70
24 3 231 -62
325 -47 310 88
134 7 307 -32
105 9 26 -44
15 18 23 7
269 -6 275 -42
253 63 223 51
204 51 304 41
253 -9 68 -72
30 -17 68 -58
194 3 106 -3
95 -10 348 -32
248 -25 50 90
253 -15 21 36
322 51 304 48
77 32 12 -29
244 -8 46 -36
127 60 196 14
113 3 80 -85
285 -30 323 -74
87 -59 126 21
240 -23 53 78
238 26 133 19
228 11 192 36
277 74 334 -2
15 -81 118 78
13 89 349 -55
221 3 351 13
92 63 228 -18
175 12 228 -22
219 64 158 1
215 82 52 89
112 -51 332 -85
189 -69 115 -26
197 4 243 83
182 55 255 80
319 -29 251 -58
24 59 169 50
320 -81 34 -43
343 73 2 7
101 56 95 -64
115 17 227 -68
129 36 119 -76
135 8 315 50
320 11 44 12
188 9 333 -85
109 40 97 23
236 -77 216 -72
85 -64 344 68
0 28 261 69
193 -84 292 -57
74 18 244 82
224 3 127 90
339 9 232 -2
74 16 268 86
263 12 286 13
102 37 310 84
100 75 130 13
261 -59 272 15
38 -22 226 0
13 -45 243 10
214 -38 209 23
207 -56 43 23
118 -81 277 -52
73 86 234 81
335 13 265 -31
77 63 259 -14
91 62 204 59
224 37 56 -47
283 42 16 -29
348 -55 301 13
235 50 12 13
119 11 315 -57
305 -36 99 30
305 24 30 18
321 -9 243 15
194 87 287 47
340 -38 254 31
186 -21 75 15
4 -8 164 -10
198 -83 338 57
338 -20 311 -29
26 -34 17 53
152 -58 190 45
185 -47 136 26
207 -85 203 -82
359 -17 124 -49
315 -32 85 68
152 -89 6 39
122 19 238 -33
342 19 235 -6
104 15 350 1
311 1 194 -60
110 -11 350 -60
260 -72 89 87
246 -50 350 -42
12 -68 81 17
57 -45 56 78
30 -36 309 77
18 41 99 -22
171 -83 286 -9
304 34 216 77
234 -52 258 65
31 -4 192 -39
33 -90 152 70
231 -71 92 60
267 -57 134 -61
116 -50 348 -62
316 85 172 -44
349 -46 185 16
103 9 166 59
277 75 66 53
321 -10 149 63
61 28 43 58
251 -66 287 -87
327 -61 1 79
52 5 267 -34
204 -23 16 28
277 90 357 19
184 82 173 -79
131 -62 280 -1
57 35 116 -69
152 -86 199 -80
212 -46 227 -88
354 -89 227 85
231 24 341 80
282 -8 225 34
72 2 137 14
351 73 352 27
52 32 272 -73
329 40 335 29
121 20 154 -75
246 29 357 -10
85 -37 97 3
248 58 215 -30
293 -79 53 -72
285 -1 94 72
271 20 230 3
269 -57 23 -89
56 88 133 90
40 55 201 50
206 -86 156 35
118 -80 338 19
151 8 145 27
181 46 282 27
240 79 207 -24
54 -23 326 -81
47 25 269 86
264 56 302 26
314 -63 61 -57
91 -63 200 -36
62 3 38 19
135 8 187 87
273 38 171 80
331 -41 100 2
192 -21 66 2
230 -86 101 23
194 -20 221 71
185 -76 57 -86
122 -88 204 18
99 43 97 67
321 -7 217 47
148 84 291 66
225 -4 235 -29
170 74 37 -88
348 -68 51 -87
287 77 118 -50
99 22 162 -5
241 -29 261 -88
32 -34 202 36
225 -14 8 -23
300 52 176 3
172 65 135 83
273 -61 216 89
149 48 175 -77
146 -14 257 -14
209 -55 135 78
157 62 125 70
50 57 94 -59
224 35 122 -32
189 -25 11 -25
185 80 28 27
67 28 323 -4
109 -74 264 82
243 -18 198 63
42 -50 75 36
39 -46 251 -80
205 -74 89 -14
19 79 312 59
357 -31 22 -86
217 55 242 -55
205 50 64 46
72 80 171 72
142 -59 291 67
112 60 127 36
147 -10 196 23
23 -66 166 56
3 51 126 -18
264 -25 270 43
347 -47 17 72
342 62 70 69
249 63 54 -33
37 47 51 -8
306 39 332 -64
82 -9 102 18
173 -37 38 -12
78 -5 340 -12
93 20 274 22
135 -55 198 -21
155 86 187 -33
150 -31 255 9
290 -22 152 -11
274 11 240 -66
161 -29 307 88
108 -14 319 -30
149 50 356 11
185 -70 99 66
68 76 227 -12
284 36 250 81
75 -3 161 -60
161 -79 259 -38
353 -88 144 -46
298 -8 13 -27
146 77 286 7
342 50 342 -2
229 -21 182 -18
141 -64 156 -25
53 20 254 -15
262 20 160 8
116 60 347 26
81 67 270 -79
131 85 208 47
317 -25 359 -53
180 47 171 -27
331 -84 79 -15
265 64 105 -15
216 77 247 -30
274 76 28 82
191 90 67 75
162 -50 44 21
53 -86 237 46
234 75 91 32
252 37 41 -24
77 51 215 44
241 34 39 48
234 76 220 -66
126 -54 132 -64
350 14 160 65
40 -85 9 37
359 -45 317 -88
242 -6 34 -38
338 21 138 -38
32 38 80 41
190 -89 274 6
332 66 48 42
119 2 12 -16
277 24 26 -32
212 30 282 -39
115 49 323 -68
121 -81 282 -69
245 40 155 78
333 57 48 35
3 -25 64 -16
349 72 233 17
252 -55 193 32
191 33 233 43
281 -77 51 -8
328 -50 70 38
296 10 320 71
199 33 219 -3
26 -51 27 41
168 -40 143 81
29 88 29 42
26 -50 219 60
267 49 124 60
113 89 167 42
169 -76 254 64
52 -44 165 -77
17 65 74 -77
176 28 269 -37
256 -14 63 -82
180 66 16 -14
177 -17 275 -23
83 14 245 -62
72 -58 262 59
205 71 86 59
207 58 284 0
285 15 187 52
325 59 55 -76
84 21 271 -5
322 8 210 -69
165 53 126 -47
61 43 263 29
280 -23 342 -4
294 30 322 85
88 -69 307 51
228 37 52 -81
276 -70 296 -15
168 30 281 64
329 88 101 3
40 42 106 88
302 -70 292 -88
197 75 172 -79
279 74 82 -90
166 -4 63 88
251 -6 260 59
98 -18 80 -64
206 -80 224 66
153 -73 295 -69
311 74 184 36
52 -51 97 -33
147 -78 179 -22
193 25 31 20
249 -31 83 16
344 -27 213 -28
196 -14 336 -41
1 60 221 -37
44 -43 347 -79
204 -49 314 78
117 -42 308 -66
206 35 213 3
206 56 189 86
291 -53 139 14
355 81 4 -56
142 -82 268 -10
323 -77 181 87
139 7 278 81
251 38 285 65
326 -50 72 -90
66 44 24 -24
249 25 0 40
67 -56 37 -35
266 39 78 -37
230 58 293 -5
266 77 78 -69
311 -63 79 -42
175 55 105 -46
173 -43 247 5
3 -23 236 7
188 -71 258 4
267 -84 296 -33
307 -2 308 -84
129 -69 145 -77
87 66 106 4
299 -86 40 -71
207 -59 208 7
305 -66 145 -15
150 -49 268 -80
267 -82 69 66
52 36 1 -43
225 62 96 -56
133 21 229 81
8 9 260 -41
208 57 75 27
292 39 52 29
161 21 146 -4
224 76 298 90
88 -9 341 -72
152 68 227 6
288 48 33 -60
